time|pop|pol|cri|sit|of_c|of_n|of_p|br_ac|inter
0|100|48|17|3624|1807|909|4950|
1|110|69|24|5175|3244|1953|5995|
2|121|85|26|6630|5285|4030|7260|
3|133|99|36|8217|7056|5751|8778|
4|146|117|48|10179|9355|8560|10585|
5|160|136|54|12444|11701|11266|12720|
6|176|149|62|15049|14459|14259|15400|
7|193|167|65|18203|17783|17679|18528|
8|212|189|70|22113|21828|21714|22366|
9|219|188|73|23406|23218|23218|23871|
10|231|188|75|25662|25286|25286|26565|
11|243|188|75|27918|27354|27354|29403|
12|244|188|76|28106|27918|27918|29646|
13|240|188|76|27354|27354|27354|28680|
14|236|188|76|26602|26602|26602|27730|
15|234|188|73|26226|26226|26226|27261|
16|231|188|76|25662|25662|25662|26565|
17|231|188|75|25662|25662|25662|26565|
18|227|188|70|24910|24910|24910|25651|
19|224|188|70|24346|24346|24346|24976|
20|222|188|73|23970|23970|23970|24531|
21|219|188|72|23406|23406|23406|23871|
22|218|188|72|23218|23218|23218|23653|
23|215|188|70|22654|22654|22654|23005|
24|212|188|69|22090|22090|22090|22366|
25|214|188|69|22466|22466|22466|22791|
26|213|188|68|22278|22278|22278|22578|
27|210|188|70|21714|21714|21714|21945|
28|211|188|72|21902|21902|21902|22155|
29|211|188|70|21902|21902|21902|22155|
30|210|188|72|21714|21714|21714|21945|
31|208|188|69|21338|21338|21338|21528|
32|207|188|67|21150|21150|21150|21321|
33|206|188|67|20962|20962|20962|21115|
34|206|188|66|20962|20962|20962|21115|
35|206|188|66|20962|20962|20962|21115|
36|208|188|66|21338|21338|21338|21528|
37|205|188|66|20774|20774|20774|20910|
38|205|188|66|20774|20774|20774|20910|
39|202|188|66|20210|20210|20210|20301|
