time|pop|pol|cri|sit|of_c|of_n|of_p|br_ac|inter
0|100|54|25|3915|2287|1351|4950|
1|110|67|24|5092|3445|2678|5995|
2|121|80|24|6440|4747|4165|7260|
3|129|92|30|7590|6339|5617|8256|
4|141|113|38|9492|8842|8346|9870|
5|155|126|52|11529|11149|10974|11935|
6|170|141|59|13959|13895|13790|14365|
7|176|140|58|14770|14770|14770|15400|
8|184|140|56|15890|15890|15890|16836|
9|195|140|54|17430|17430|17430|18915|
10|190|140|54|16730|16730|16730|17955|
11|185|140|54|16030|16030|16030|17020|
12|173|140|55|14350|14350|14350|14878|
13|165|140|53|13230|13230|13230|13530|
14|159|140|51|12390|12390|12390|12561|
15|154|140|51|11690|11690|11690|11781|
16|151|140|51|11270|11270|11270|11325|
17|150|140|51|11130|11130|11130|11175|
18|147|140|51|10710|10710|10710|10731|
19|146|140|51|10570|10570|10570|10585|
20|144|140|51|10290|10290|10290|10296|
21|144|140|51|10290|10290|10290|10296|
22|143|140|51|10150|10150|10150|10153|
23|143|140|51|10150|10150|10150|10153|
24|142|140|51|10010|10010|10010|10011|
25|142|140|51|10010|10010|10010|10011|
26|142|140|51|10010|10010|10010|10011|
27|142|140|51|10010|10010|10010|10011|
28|142|140|51|10010|10010|10010|10011|
29|142|140|51|10010|10010|10010|10011|
30|142|140|51|10010|10010|10010|10011|
31|142|140|51|10010|10010|10010|10011|
32|142|140|51|10010|10010|10010|10011|
33|142|140|51|10010|10010|10010|10011|
34|142|140|51|10010|10010|10010|10011|
35|142|140|51|10010|10010|10010|10011|
36|142|140|51|10010|10010|10010|10011|
37|142|140|51|10010|10010|10010|10011|
38|142|140|51|10010|10010|10010|10011|
39|142|140|51|10010|10010|10010|10011|
