time|pop|pol|cri|sit|of_c|of_n|of_p|br_ac|inter
0|100|47|25|3572|1946|1224|4950|
1|110|73|31|5329|3534|2813|5995|
2|121|90|39|6795|5727|5334|7260|
3|133|107|42|8453|8073|7852|8778|
4|146|119|43|10234|10170|10089|10585|
5|153|118|46|11033|11033|11033|11628|
6|162|118|46|12095|12095|12095|13041|
7|154|118|42|11151|11151|11151|11781|
8|150|118|39|10679|10679|10679|11175|
9|147|118|38|10325|10325|10325|10731|
10|140|118|38|9499|9499|9499|9730|
11|135|118|37|8909|8909|8909|9045|
12|132|118|36|8555|8555|8555|8646|
13|131|118|36|8437|8437|8437|8515|
14|129|118|36|8201|8201|8201|8256|
15|127|118|36|7965|7965|7965|8001|
16|125|118|36|7729|7729|7729|7750|
17|124|118|35|7611|7611|7611|7626|
18|124|118|35|7611|7611|7611|7626|
19|123|118|35|7493|7493|7493|7503|
20|123|118|35|7493|7493|7493|7503|
21|122|118|35|7375|7375|7375|7381|
22|122|118|35|7375|7375|7375|7381|
23|123|118|35|7493|7493|7493|7503|
24|123|118|35|7493|7493|7493|7503|
25|123|118|35|7493|7493|7493|7503|
26|123|118|35|7493|7493|7493|7503|
27|122|118|35|7375|7375|7375|7381|
28|122|118|35|7375|7375|7375|7381|
29|121|118|35|7257|7257|7257|7260|
30|121|118|35|7257|7257|7257|7260|
31|121|118|35|7257|7257|7257|7260|
32|121|118|35|7257|7257|7257|7260|
33|121|118|35|7257|7257|7257|7260|
34|121|118|35|7257|7257|7257|7260|
35|121|118|35|7257|7257|7257|7260|
36|121|118|35|7257|7257|7257|7260|
37|121|118|35|7257|7257|7257|7260|
38|121|118|35|7257|7257|7257|7260|
39|121|118|35|7257|7257|7257|7260|
