time|pop|pol|cri|sit|of_c|of_n|of_p|br_ac|inter
0|100|48|27|3624|1713|781|4950|
1|110|69|24|5175|3054|1780|5995|
2|120|88|23|6644|4936|3640|7140|
3|132|105|27|8295|7270|6279|8646|
4|145|112|41|9912|9419|8652|10440|
5|137|103|39|8755|8755|8755|9316|
6|134|103|39|8446|8446|8446|8911|
7|132|103|35|8240|8240|8240|8646|
8|131|103|38|8137|8137|8137|8515|
9|128|103|37|7828|7828|7828|8128|
10|124|103|33|7416|7416|7416|7626|
11|123|103|34|7313|7313|7313|7503|
12|122|103|34|7210|7210|7210|7381|
13|121|103|33|7107|7107|7107|7260|
14|118|103|30|6798|6798|6798|6903|
15|119|103|32|6901|6901|6901|7021|
16|116|103|29|6592|6592|6592|6670|
17|116|103|29|6592|6592|6592|6670|
18|114|103|29|6386|6386|6386|6441|
19|115|103|29|6489|6489|6489|6555|
20|114|103|29|6386|6386|6386|6441|
21|115|103|29|6489|6489|6489|6555|
22|115|103|30|6489|6489|6489|6555|
23|113|103|28|6283|6283|6283|6328|
24|113|103|27|6283|6283|6283|6328|
25|113|103|26|6283|6283|6283|6328|
26|111|103|25|6077|6077|6077|6105|
27|111|103|25|6077|6077|6077|6105|
28|111|103|25|6077|6077|6077|6105|
29|112|103|25|6180|6180|6180|6216|
30|113|103|25|6283|6283|6283|6328|
31|111|103|25|6077|6077|6077|6105|
32|112|103|25|6180|6180|6180|6216|
33|114|103|25|6386|6386|6386|6441|
34|114|103|25|6386|6386|6386|6441|
35|113|103|25|6283|6283|6283|6328|
36|112|103|25|6180|6180|6180|6216|
37|111|103|25|6077|6077|6077|6105|
38|111|103|25|6077|6077|6077|6105|
39|110|103|25|5974|5974|5974|5995|
