time|pop|pol|cri|sit|of_c|of_n|of_p|br_ac|inter
0|100|49|17|3675|2227|1440|4950|
1|110|64|12|4960|3733|2842|5995|
2|99|60|12|4110|3364|2744|4851|
3|91|60|8|3630|2949|2401|4095|
4|78|55|6|2750|2427|2156|3003|
5|66|49|5|2009|1911|1911|2145|
6|62|49|4|1813|1764|1764|1891|
7|56|49|4|1519|1519|1519|1540|
8|56|49|4|1519|1519|1519|1540|
9|56|49|4|1519|1519|1519|1540|
10|55|49|4|1470|1470|1470|1485|
11|54|49|4|1421|1421|1421|1431|
12|53|49|4|1372|1372|1372|1378|
13|52|49|4|1323|1323|1323|1326|
14|51|49|3|1274|1274|1274|1275|
15|51|49|3|1274|1274|1274|1275|
16|51|49|3|1274|1274|1274|1275|
17|51|49|3|1274|1274|1274|1275|
18|51|49|3|1274|1274|1274|1275|
19|51|49|3|1274|1274|1274|1275|
20|51|49|3|1274|1274|1274|1275|
21|51|49|3|1274|1274|1274|1275|
22|51|49|3|1274|1274|1274|1275|
23|51|49|3|1274|1274|1274|1275|
24|51|49|3|1274|1274|1274|1275|
25|51|49|3|1274|1274|1274|1275|
26|51|49|3|1274|1274|1274|1275|
27|51|49|3|1274|1274|1274|1275|
28|51|49|3|1274|1274|1274|1275|
29|51|49|3|1274|1274|1274|1275|
30|51|49|3|1274|1274|1274|1275|
31|51|49|3|1274|1274|1274|1275|
32|51|49|3|1274|1274|1274|1275|
33|51|49|3|1274|1274|1274|1275|
34|51|49|3|1274|1274|1274|1275|
35|51|49|3|1274|1274|1274|1275|
36|51|49|3|1274|1274|1274|1275|
37|51|49|3|1274|1274|1274|1275|
38|51|49|3|1274|1274|1274|1275|
39|51|49|3|1274|1274|1274|1275|
