time|pop|pol|cri|sit|of_c|of_n|of_p|br_ac|inter
0|100|49|21|3675|1982|1187|4950|
1|110|71|22|5254|3523|2376|5995|
2|121|89|23|6764|5408|4477|7260|
3|102|75|25|4800|4616|4551|5151|
4|97|74|23|4403|4403|4403|4656|
5|94|74|21|4181|4181|4181|4371|
6|92|74|20|4033|4033|4033|4186|
7|91|74|20|3959|3959|3959|4095|
8|90|74|19|3885|3885|3885|4005|
9|88|74|18|3737|3737|3737|3828|
10|89|74|18|3811|3811|3811|3916|
11|88|74|18|3737|3737|3737|3828|
12|87|74|18|3663|3663|3663|3741|
13|87|74|18|3663|3663|3663|3741|
14|86|74|18|3589|3589|3589|3655|
15|84|74|18|3441|3441|3441|3486|
16|83|74|18|3367|3367|3367|3403|
17|83|74|18|3367|3367|3367|3403|
18|83|74|18|3367|3367|3367|3403|
19|83|74|18|3367|3367|3367|3403|
20|83|74|18|3367|3367|3367|3403|
21|82|74|18|3293|3293|3293|3321|
22|82|74|18|3293|3293|3293|3321|
23|82|74|18|3293|3293|3293|3321|
24|82|74|18|3293|3293|3293|3321|
25|82|74|18|3293|3293|3293|3321|
26|81|74|18|3219|3219|3219|3240|
27|80|74|18|3145|3145|3145|3160|
28|80|74|18|3145|3145|3145|3160|
29|79|74|18|3071|3071|3071|3081|
30|79|74|18|3071|3071|3071|3081|
31|79|74|18|3071|3071|3071|3081|
32|79|74|18|3071|3071|3071|3081|
33|79|74|18|3071|3071|3071|3081|
34|78|74|18|2997|2997|2997|3003|
35|78|74|18|2997|2997|2997|3003|
36|77|74|18|2923|2923|2923|2926|
37|77|74|18|2923|2923|2923|2926|
38|77|74|18|2923|2923|2923|2926|
39|77|74|18|2923|2923|2923|2926|
