time|pop|pol|cri|sit|of_c|of_n|of_p|br_ac|inter
0|100|48|19|3624|1903|1181|4950|
1|110|69|12|5175|3533|2781|5995|
2|121|80|12|6440|5162|4644|7260|
3|133|100|15|8250|7545|7097|8778|
4|146|117|18|10179|9477|9153|10585|
5|160|135|20|12420|12221|12127|12720|
6|176|147|15|14994|14994|14994|15400|
7|191|147|15|17199|17199|17199|18145|
8|187|147|15|16611|16611|16611|17391|
9|180|147|15|15582|15582|15582|16110|
10|176|147|15|14994|14994|14994|15400|
11|172|147|15|14406|14406|14406|14706|
12|169|147|15|13965|13965|13965|14196|
13|166|147|15|13524|13524|13524|13695|
14|163|147|15|13083|13083|13083|13203|
15|160|147|15|12642|12642|12642|12720|
16|158|147|15|12348|12348|12348|12403|
17|157|147|15|12201|12201|12201|12246|
18|156|147|15|12054|12054|12054|12090|
19|154|147|15|11760|11760|11760|11781|
20|154|147|15|11760|11760|11760|11781|
21|153|147|15|11613|11613|11613|11628|
22|153|147|15|11613|11613|11613|11628|
23|152|147|15|11466|11466|11466|11476|
24|151|147|15|11319|11319|11319|11325|
25|151|147|15|11319|11319|11319|11325|
26|151|147|15|11319|11319|11319|11325|
27|151|147|15|11319|11319|11319|11325|
28|151|147|15|11319|11319|11319|11325|
29|151|147|15|11319|11319|11319|11325|
30|151|147|15|11319|11319|11319|11325|
31|151|147|15|11319|11319|11319|11325|
32|151|147|15|11319|11319|11319|11325|
33|151|147|15|11319|11319|11319|11325|
34|152|147|15|11466|11466|11466|11476|
35|152|147|15|11466|11466|11466|11476|
36|152|147|15|11466|11466|11466|11476|
37|152|147|15|11466|11466|11466|11476|
38|152|147|15|11466|11466|11466|11476|
39|152|147|15|11466|11466|11466|11476|
