time|pop|pol|cri|sit|of_c|of_n|of_p|br_ac|inter
0|100|20|52|1790|1019|754|4950|
1|110|78|51|5499|3624|2790|5995|
2|121|110|61|7205|5861|4708|7260|
3|133|122|67|8723|7739|6731|8778|
4|146|135|75|10530|9406|8201|10585|
5|160|155|81|12710|11489|10286|12720|
6|176|172|91|15394|14187|13035|15400|
7|193|191|108|18527|17870|17204|18528|
8|212|212|122|22366|21828|21321|22366|
9|233|233|132|27028|26662|26335|27028|
10|256|256|145|32640|32388|32131|32640|
11|281|281|171|39340|39185|39060|39340|
12|309|309|197|47586|47430|47278|47586|
13|339|339|209|57291|57291|57291|57291|
14|372|372|231|69006|69006|69006|69006|
15|409|409|259|83436|83436|83436|83436|
16|449|449|298|100576|100576|100576|100576|
17|493|493|331|121278|121278|121278|121278|
18|542|542|384|146611|146611|146611|146611|
19|596|596|429|177310|177310|177310|177310|
20|655|655|469|214185|214185|214185|214185|
21|720|720|515|258840|258840|258840|258840|
22|792|792|572|313236|313236|313236|313236|
23|871|871|612|378885|378885|378885|378885|
24|958|958|684|458403|458403|458403|458403|
25|1053|1053|747|553878|553878|553878|553878|
26|1158|1158|837|669903|669903|669903|669903|
27|1273|1273|941|809628|809628|809628|809628|
28|1400|1400|1004|979300|979300|979300|979300|
29|1540|1540|1084|1185030|1185030|1185030|1185030|
30|1694|1694|1176|1433971|1433971|1433971|1433971|
31|1863|1863|1291|1734453|1734453|1734453|1734453|
32|2049|2049|1427|2098176|2098176|2098176|2098176|
33|2253|2253|1552|2536878|2536878|2536878|2536878|
34|2478|2478|1696|3069003|3069003|3069003|3069003|
35|2725|2725|1863|3711450|3711450|3711450|3711450|
36|2997|2997|2073|4489506|4489506|4489506|4489506|
37|3296|3296|2312|5430160|5430160|5430160|5430160|
38|3625|3625|2547|6568500|6568500|6568500|6568500|
39|3987|3987|2783|7946091|7946091|7946091|7946091|
