time|pop|pol|cri|sit|of_c|of_n|of_p|br_ac|inter
0|100|20|46|1790|1043|569|4950|
1|110|64|53|4960|2972|1702|5995|
2|121|100|52|7050|4607|2714|7260|
3|133|121|58|8712|6465|4815|8778|
4|146|139|61|10564|8385|6540|10585|
5|160|154|61|12705|10679|8896|12720|
6|176|171|77|15390|13441|11618|15400|
7|193|187|97|18513|17600|16638|18528|
8|212|206|105|22351|21439|20488|22366|
9|233|229|129|27022|26350|25645|27028|
10|256|253|134|32637|31643|30625|32640|
11|281|278|143|39337|38791|38223|39340|
12|309|306|163|47583|47266|46968|47586|
13|339|336|182|57288|57119|56950|57291|
14|372|371|193|69006|69006|69006|69006|
15|409|409|207|83436|83436|83436|83436|
16|449|449|231|100576|100576|100576|100576|
17|493|493|255|121278|121278|121278|121278|
18|542|542|277|146611|146611|146611|146611|
19|596|596|316|177310|177310|177310|177310|
20|655|655|364|214185|214185|214185|214185|
21|720|720|389|258840|258840|258840|258840|
22|792|792|425|313236|313236|313236|313236|
23|871|871|463|378885|378885|378885|378885|
24|958|958|506|458403|458403|458403|458403|
25|1053|1053|544|553878|553878|553878|553878|
26|1158|1158|601|669903|669903|669903|669903|
27|1273|1273|657|809628|809628|809628|809628|
28|1400|1400|722|979300|979300|979300|979300|
29|1540|1540|780|1185030|1185030|1185030|1185030|
30|1694|1694|855|1433971|1433971|1433971|1433971|
31|1863|1863|927|1734453|1734453|1734453|1734453|
32|2049|2049|1041|2098176|2098176|2098176|2098176|
33|2253|2253|1161|2536878|2536878|2536878|2536878|
34|2478|2478|1238|3069003|3069003|3069003|3069003|
35|2725|2725|1336|3711450|3711450|3711450|3711450|
36|2997|2997|1409|4489506|4489506|4489506|4489506|
37|3296|3296|1550|5430160|5430160|5430160|5430160|
38|3625|3625|1707|6568500|6568500|6568500|6568500|
39|3987|3987|1847|7946091|7946091|7946091|7946091|
