time|pop|pol|cri|sit|of_c|of_n|of_p|br_ac|inter
0|100|20|53|1790|992|682|4950|
1|110|74|59|5365|3714|2550|5995|
2|121|114|55|7239|5588|4459|7260|
3|133|132|56|8778|7636|6670|8778|
4|146|145|62|10585|9783|9045|10585|
5|160|159|76|12720|12334|11935|12720|
6|176|175|86|15400|14840|14196|15400|
7|193|192|96|18528|18042|17578|18528|
8|212|210|107|22365|21962|21527|22366|
9|233|231|131|27027|26428|25877|27028|
10|256|256|145|32640|32238|31878|32640|
11|281|281|157|39340|39054|38781|39340|
12|309|309|165|47586|47271|46971|47586|
13|339|339|172|57291|57124|56953|57291|
14|372|372|184|69006|68821|68635|69006|
15|409|409|203|83436|83249|83028|83436|
16|449|449|220|100576|100576|100576|100576|
17|493|493|241|121278|121278|121278|121278|
18|542|542|274|146611|146611|146611|146611|
19|596|596|297|177310|177310|177310|177310|
20|655|655|349|214185|214185|214185|214185|
21|720|720|403|258840|258840|258840|258840|
22|792|792|439|313236|313236|313236|313236|
23|871|871|517|378885|378885|378885|378885|
24|958|958|562|458403|458403|458403|458403|
25|1053|1053|588|553878|553878|553878|553878|
26|1158|1158|630|669903|669903|669903|669903|
27|1273|1273|725|809628|809628|809628|809628|
28|1400|1400|821|979300|979300|979300|979300|
29|1540|1540|877|1185030|1185030|1185030|1185030|
30|1694|1694|966|1433971|1433971|1433971|1433971|
31|1863|1863|1077|1734453|1734453|1734453|1734453|
32|2049|2049|1200|2098176|2098176|2098176|2098176|
33|2253|2253|1348|2536878|2536878|2536878|2536878|
34|2478|2478|1475|3069003|3069003|3069003|3069003|
35|2725|2725|1613|3711450|3711450|3711450|3711450|
36|2997|2997|1780|4489506|4489506|4489506|4489506|
37|3296|3296|1952|5430160|5430160|5430160|5430160|
38|3625|3625|2107|6568500|6568500|6568500|6568500|
39|3987|3987|2333|7946091|7946091|7946091|7946091|
