time|pop|pol|cri|sit|of_c|of_n|of_p|br_ac|inter
0|100|16|59|1464|926|508|4950|
1|101|65|62|4420|2729|1554|5050|
2|111|98|74|6027|4541|3174|6105|
3|122|109|86|7303|5971|4687|7381|
4|134|126|100|8883|7545|6188|8911|
5|147|142|114|10721|9549|8505|10731|
6|161|157|131|12874|11715|10579|12880|
7|177|172|152|15566|14630|13685|15576|
8|194|190|167|18715|18047|17385|18721|
9|213|210|186|22575|21947|21318|22578|
10|234|231|205|27258|26793|26332|27261|
11|257|256|230|32896|32896|32896|32896|
12|282|282|257|39621|39621|39621|39621|
13|310|310|284|47895|47895|47895|47895|
14|341|341|311|57970|57970|57970|57970|
15|375|375|346|70125|70125|70125|70125|
16|412|412|376|84666|84666|84666|84666|
17|453|453|408|102378|102378|102378|102378|
18|498|498|448|123753|123753|123753|123753|
19|547|547|498|149331|149331|149331|149331|
20|601|601|542|180300|180300|180300|180300|
21|661|661|590|218130|218130|218130|218130|
22|727|727|641|263901|263901|263901|263901|
23|799|799|692|318801|318801|318801|318801|
24|878|878|765|385003|385003|385003|385003|
25|965|965|826|465130|465130|465130|465130|
26|1061|1061|915|562330|562330|562330|562330|
27|1167|1167|1020|680361|680361|680361|680361|
28|1283|1283|1123|822403|822403|822403|822403|
29|1411|1411|1225|994755|994755|994755|994755|
30|1552|1552|1339|1203576|1203576|1203576|1203576|
31|1707|1707|1494|1456071|1456071|1456071|1456071|
32|1877|1877|1617|1760626|1760626|1760626|1760626|
33|2064|2064|1774|2129016|2129016|2129016|2129016|
34|2270|2270|1943|2575315|2575315|2575315|2575315|
35|2497|2497|2155|3116256|3116256|3116256|3116256|
36|2746|2746|2396|3768885|3768885|3768885|3768885|
37|3020|3020|2647|4558690|4558690|4558690|4558690|
38|3322|3322|2931|5516181|5516181|5516181|5516181|
39|3654|3654|3232|6674031|6674031|6674031|6674031|
