time|pop|pol|cri|sit|of_c|of_n|of_p|br_ac|inter
0|100|21|50|1869|890|536|4950|
1|110|79|56|5530|3161|1975|5995|
2|121|109|58|7194|5364|4059|7260|
3|133|127|59|8763|7110|5656|8778|
4|146|142|65|10579|9231|7995|10585|
5|160|157|71|12717|11744|10875|12720|
6|176|174|86|15399|14258|13202|15400|
7|193|192|98|18528|17759|17020|18528|
8|212|210|108|22365|21704|21114|22366|
9|233|231|127|27027|26216|25424|27028|
10|256|254|149|32639|31846|31124|32640|
11|281|280|171|39340|38798|38226|39340|
12|309|307|183|47585|46709|45752|47586|
13|339|338|199|57291|56448|55611|57291|
14|372|372|216|69006|68258|67528|69006|
15|409|409|228|83436|82593|81810|83436|
16|449|449|261|100576|100127|99681|100576|
17|493|493|280|121278|121033|120786|121278|
18|542|542|316|146611|146611|146611|146611|
19|596|596|345|177310|177310|177310|177310|
20|655|655|396|214185|214185|214185|214185|
21|720|720|439|258840|258840|258840|258840|
22|792|792|479|313236|313236|313236|313236|
23|871|871|522|378885|378885|378885|378885|
24|958|958|575|458403|458403|458403|458403|
25|1053|1053|654|553878|553878|553878|553878|
26|1158|1158|724|669903|669903|669903|669903|
27|1273|1273|796|809628|809628|809628|809628|
28|1400|1400|870|979300|979300|979300|979300|
29|1540|1540|933|1185030|1185030|1185030|1185030|
30|1694|1694|1025|1433971|1433971|1433971|1433971|
31|1863|1863|1131|1734453|1734453|1734453|1734453|
32|2049|2049|1234|2098176|2098176|2098176|2098176|
33|2253|2253|1360|2536878|2536878|2536878|2536878|
34|2478|2478|1502|3069003|3069003|3069003|3069003|
35|2725|2725|1635|3711450|3711450|3711450|3711450|
36|2997|2997|1841|4489506|4489506|4489506|4489506|
37|3296|3296|1992|5430160|5430160|5430160|5430160|
38|3625|3625|2227|6568500|6568500|6568500|6568500|
39|3987|3987|2437|7946091|7946091|7946091|7946091|
