time|pop|pol|cri|sit|of_c|of_n|of_p|br_ac|inter
0|100|20|51|1790|984|627|4950|
1|110|75|45|5400|3801|2525|5995|
2|121|101|47|7070|5693|4200|7260|
3|133|116|47|8642|7953|7124|8778|
4|146|135|50|10530|9789|8990|10585|
5|160|153|49|12699|11717|10710|12720|
6|176|174|47|15399|14439|13529|15400|
7|193|191|53|18527|17766|17019|18528|
8|212|210|58|22365|21542|20705|22366|
9|233|231|64|27027|26198|25424|27028|
10|256|254|70|32639|31740|30875|32640|
11|281|278|64|39337|38333|37398|39340|
12|309|307|75|47585|47130|46664|47586|
13|339|337|80|57290|57108|56952|57291|
14|372|371|74|69006|68801|68635|69006|
15|409|409|82|83436|82831|82215|83436|
16|449|449|86|100576|100153|99681|100576|
17|493|493|91|121278|120278|119316|121278|
18|542|542|102|146611|146088|145530|146611|
19|596|596|112|177310|177310|177310|177310|
20|655|655|134|214185|214185|214185|214185|
21|720|720|157|258840|258840|258840|258840|
22|792|792|166|313236|313236|313236|313236|
23|871|871|181|378885|378885|378885|378885|
24|958|958|198|458403|458403|458403|458403|
25|1053|1053|227|553878|553878|553878|553878|
26|1158|1158|269|669903|669903|669903|669903|
27|1273|1273|302|809628|809628|809628|809628|
28|1400|1400|340|979300|979300|979300|979300|
29|1540|1540|361|1185030|1185030|1185030|1185030|
30|1694|1694|397|1433971|1433971|1433971|1433971|
31|1863|1863|416|1734453|1734453|1734453|1734453|
32|2049|2049|455|2098176|2098176|2098176|2098176|
33|2253|2253|471|2536878|2536878|2536878|2536878|
34|2478|2478|514|3069003|3069003|3069003|3069003|
35|2725|2725|574|3711450|3711450|3711450|3711450|
36|2997|2997|648|4489506|4489506|4489506|4489506|
37|3296|3296|725|5430160|5430160|5430160|5430160|
38|3625|3625|805|6568500|6568500|6568500|6568500|
