time|pop|pol|cri|sit|of_c|of_n|of_p|br_ac|inter
0|100|19|60|1710|893|649|4950|
1|110|62|65|4867|3061|2178|5995|
2|121|86|61|6665|5221|4114|7260|
3|133|111|64|8547|8017|7416|8778|
4|146|122|72|10309|9929|9454|10585|
5|160|137|78|12467|12273|11993|12720|
6|176|152|93|15124|15043|14949|15400|
7|193|171|96|18297|18218|18105|18528|
8|212|196|105|22246|22151|22035|22366|
9|233|217|122|26908|26908|26908|27028|
10|256|240|128|32520|32520|32520|32640|
11|259|240|127|33240|33240|33240|33411|
12|263|240|127|34200|34200|34200|34453|
13|269|240|127|35640|35640|35640|36046|
14|277|240|127|37560|37560|37560|38226|
15|286|240|127|39720|39720|39720|40755|
16|296|240|127|42120|42120|42120|43660|
17|283|240|127|39000|39000|39000|39903|
18|269|240|127|35640|35640|35640|36046|
19|261|240|127|33720|33720|33720|33930|
20|257|240|127|32760|32760|32760|32896|
21|253|240|127|31800|31800|31800|31878|
22|250|240|127|31080|31080|31080|31125|
23|248|240|127|30600|30600|30600|30628|
24|245|240|127|29880|29880|29880|29890|
25|245|240|127|29880|29880|29880|29890|
26|244|240|127|29640|29640|29640|29646|
27|244|240|127|29640|29640|29640|29646|
28|244|240|127|29640|29640|29640|29646|
29|244|240|127|29640|29640|29640|29646|
30|244|240|127|29640|29640|29640|29646|
31|244|240|127|29640|29640|29640|29646|
32|244|240|127|29640|29640|29640|29646|
33|244|240|127|29640|29640|29640|29646|
34|244|240|127|29640|29640|29640|29646|
35|244|240|127|29640|29640|29640|29646|
36|243|240|127|29400|29400|29400|29403|
37|243|240|127|29400|29400|29400|29403|
38|243|240|127|29400|29400|29400|29403|
39|243|240|127|29400|29400|29400|29403|
