time|pop|pol|cri|sit|of_c|of_n|of_p|br_ac|inter
0|100|22|55|1947|1051|843|4950|
1|110|65|63|5005|3614|2997|5995|
2|121|91|67|6825|5585|5166|7260|
3|133|107|78|8453|7648|7293|8778|
4|146|126|85|10395|10395|10395|10585|
5|160|137|88|12467|12467|12467|12720|
6|161|137|88|12604|12604|12604|12880|
7|160|137|93|12467|12467|12467|12720|
8|160|137|91|12467|12467|12467|12720|
9|158|137|88|12193|12193|12193|12403|
10|159|137|89|12330|12330|12330|12561|
11|157|137|84|12056|12056|12056|12246|
12|157|137|82|12056|12056|12056|12246|
13|159|137|84|12330|12330|12330|12561|
14|158|137|81|12193|12193|12193|12403|
15|158|137|80|12193|12193|12193|12403|
16|158|137|81|12193|12193|12193|12403|
17|158|137|79|12193|12193|12193|12403|
18|156|137|79|11919|11919|11919|12090|
19|155|137|80|11782|11782|11782|11935|
20|154|137|78|11645|11645|11645|11781|
21|152|137|79|11371|11371|11371|11476|
22|150|137|80|11097|11097|11097|11175|
23|149|137|80|10960|10960|10960|11026|
24|149|137|78|10960|10960|10960|11026|
25|150|137|79|11097|11097|11097|11175|
26|149|137|77|10960|10960|10960|11026|
27|148|137|75|10823|10823|10823|10878|
28|147|137|74|10686|10686|10686|10731|
29|147|137|74|10686|10686|10686|10731|
30|146|137|74|10549|10549|10549|10585|
31|147|137|73|10686|10686|10686|10731|
32|147|137|73|10686|10686|10686|10731|
33|148|137|73|10823|10823|10823|10878|
34|148|137|73|10823|10823|10823|10878|
35|147|137|73|10686|10686|10686|10731|
36|149|137|73|10960|10960|10960|11026|
37|149|137|73|10960|10960|10960|11026|
38|148|137|73|10823|10823|10823|10878|
39|147|137|73|10686|10686|10686|10731|
