time|pop|pol|cri|sit|of_c|of_n|of_p|br_ac|inter
0|100|26|51|2249|1086|493|4950|
1|110|68|51|5134|2937|1419|5995|
2|121|98|53|7007|4831|2989|7260|
3|133|109|57|8502|7305|6231|8778|
4|146|123|71|10332|9599|8658|10585|
5|160|135|74|12420|11820|11025|12720|
6|176|150|84|15075|14699|14210|15400|
7|193|168|93|18228|18054|17845|18528|
8|193|168|92|18228|18068|17845|18528|
9|194|168|89|18396|18249|18011|18721|
10|195|168|90|18564|18398|18177|18915|
11|194|168|92|18396|18234|18011|18721|
12|193|168|91|18228|18063|17845|18528|
13|196|168|94|18732|18564|18343|19110|
14|195|168|93|18564|18385|18177|18915|
15|197|168|90|18900|18736|18509|19306|
16|199|168|93|19236|19075|18841|19701|
17|201|168|94|19572|19401|19173|20100|
18|203|168|93|19908|19736|19505|20503|
19|206|168|95|20412|20255|20003|21115|
20|207|168|96|20580|20407|20169|21321|
21|209|168|101|20916|20750|20501|21736|
22|211|168|103|21252|21065|20833|22155|
23|212|168|108|21420|21257|20999|22366|
24|210|168|111|21084|20907|20667|21945|
25|213|168|114|21588|21419|21165|22578|
26|217|168|116|22260|22086|21829|23436|
27|219|168|115|22596|22432|22161|23871|
28|222|168|119|23100|22921|22659|24531|
29|221|168|122|22932|22751|22493|24310|
30|220|168|125|22764|22597|22327|24090|
31|221|168|129|22932|22762|22493|24310|
32|222|168|131|23100|22937|22659|24531|
33|221|168|131|22932|22774|22493|24310|
34|195|166|104|18509|18509|18509|18915|
35|181|166|95|16185|16185|16185|16290|
36|175|166|90|15189|15189|15189|15225|
37|170|166|87|14359|14359|14359|14365|
38|169|166|86|14193|14193|14193|14196|
39|168|166|85|14027|14027|14027|14028|
