time|pop|pol|cri|sit|of_c|of_n|of_p|br_ac|inter
0|100|24|51|2100|1167|806|4950|
1|110|65|58|5005|3158|2328|5995|
2|121|96|63|6960|5436|4633|7260|
3|133|113|67|8588|7648|7290|8778|
4|146|125|69|10375|9940|9540|10585|
5|160|142|77|12567|12351|12093|12720|
6|176|159|85|15264|15112|14915|15400|
7|193|173|92|18338|18338|18338|18528|
8|212|185|93|22015|22015|22015|22366|
9|233|209|95|26752|26752|26752|27028|
10|234|209|94|26961|26961|26961|27261|
11|237|209|94|27588|27588|27588|27966|
12|238|209|94|27797|27797|27797|28203|
13|242|209|93|28633|28633|28633|29161|
14|246|209|93|29469|29469|29469|30135|
15|250|209|93|30305|30305|30305|31125|
16|257|209|93|31768|31768|31768|32896|
17|260|209|93|32395|32395|32395|33670|
18|261|209|93|32604|32604|32604|33930|
19|266|209|93|33649|33649|33649|35245|
20|274|209|93|35321|35321|35321|37401|
21|301|256|116|44160|44160|44160|45150|
22|331|299|135|54119|54119|54119|54615|
23|337|299|135|55913|55913|55913|56616|
24|340|299|135|56810|56810|56810|57630|
25|344|299|135|58006|58006|58006|58996|
26|349|299|135|59501|59501|59501|60726|
27|351|299|135|60099|60099|60099|61425|
28|354|299|135|60996|60996|60996|62481|
29|357|299|135|61893|61893|61893|63546|
30|363|299|135|63687|63687|63687|65703|
31|351|299|135|60099|60099|60099|61425|
32|341|299|135|57109|57109|57109|57970|
33|334|299|135|55016|55016|55016|55611|
34|328|299|135|53222|53222|53222|53628|
35|321|299|135|51129|51129|51129|51360|
36|313|299|135|48737|48737|48737|48828|
37|309|299|135|47541|47541|47541|47586|
38|306|299|135|46644|46644|46644|46665|
39|306|299|135|46644|46644|46644|46665|
