time|pop|pol|cri|sit|of_c|of_n|of_p|br_ac|inter
0|100|20|49|1790|928|596|4950|
1|110|62|53|4867|2908|2115|5995|
2|121|98|55|7007|5456|4440|7260|
3|133|108|65|8478|7667|7029|8778|
4|146|126|78|10395|9531|9060|10585|
5|160|143|88|12584|11799|11550|12720|
6|176|164|94|15334|14773|14670|15400|
7|193|185|108|18500|18040|17940|18528|
8|212|204|126|22338|22134|22134|22366|
9|233|227|135|27013|27013|27013|27028|
10|256|252|137|32634|32634|32634|32640|
11|281|276|146|39330|39330|39330|39340|
12|309|300|160|47550|47550|47550|47586|
13|339|333|167|57276|57276|57276|57291|
14|372|366|181|68991|68991|68991|69006|
15|409|402|187|83415|83415|83415|83436|
16|449|440|197|100540|100540|100540|100576|
17|493|476|217|121142|121142|121142|121278|
18|542|524|227|146458|146458|146458|146611|
19|596|576|246|177120|177120|177120|177310|
20|655|632|268|213932|213932|213932|214185|
21|720|694|294|258515|258515|258515|258840|
22|792|770|322|313005|313005|313005|313236|
23|871|851|361|378695|378695|378695|378885|
24|877|851|367|383801|383801|383801|384126|
25|884|851|374|389758|389758|389758|390286|
26|896|851|386|399970|399970|399970|400960|
27|898|851|388|401672|401672|401672|402753|
28|900|851|390|403374|403374|403374|404550|
29|891|851|381|395715|395715|395715|396495|
30|885|851|375|390609|390609|390609|391170|
31|879|851|369|385503|385503|385503|385881|
32|872|851|362|379546|379546|379546|379756|
33|867|851|357|375291|375291|375291|375411|
34|863|851|353|371887|371887|371887|371953|
35|863|851|353|371887|371887|371887|371953|
36|861|851|351|370185|370185|370185|370230|
37|858|851|348|367632|367632|367632|367653|
38|857|851|347|366781|366781|366781|366796|
39|857|851|347|366781|366781|366781|366796|
