time|pop|pol|cri|sit|of_c|of_n|of_p|br_ac|inter
0|100|17|48|1547|876|412|4950|
1|110|54|60|4455|2315|1105|5995|
2|121|89|54|6764|4313|2544|7260|
3|133|100|53|8250|7255|6090|8778|
4|146|115|58|10120|9367|8639|10585|
5|142|114|57|9633|9165|8533|10011|
6|140|114|60|9405|8967|8321|9730|
7|137|113|58|9040|8654|8109|9316|
8|136|113|58|8927|8532|8003|9180|
9|133|112|60|8568|8237|7791|8778|
10|129|111|59|8103|7813|7473|8256|
11|124|107|59|7490|7444|7367|7626|
12|124|107|62|7490|7435|7367|7626|
13|122|106|60|7261|7261|7261|7381|
14|121|106|61|7155|7155|7155|7260|
15|119|106|59|6943|6943|6943|7021|
16|117|106|56|6731|6731|6731|6786|
17|116|106|55|6625|6625|6625|6670|
18|117|106|56|6731|6731|6731|6786|
19|114|106|54|6413|6413|6413|6441|
20|113|106|53|6307|6307|6307|6328|
21|113|106|53|6307|6307|6307|6328|
22|113|106|53|6307|6307|6307|6328|
23|112|106|52|6201|6201|6201|6216|
24|112|106|52|6201|6201|6201|6216|
25|113|106|53|6307|6307|6307|6328|
26|112|106|52|6201|6201|6201|6216|
27|112|106|53|6201|6201|6201|6216|
28|111|106|52|6095|6095|6095|6105|
29|111|106|52|6095|6095|6095|6105|
30|111|106|52|6095|6095|6095|6105|
31|111|106|52|6095|6095|6095|6105|
32|111|106|52|6095|6095|6095|6105|
33|111|106|52|6095|6095|6095|6105|
34|110|106|51|5989|5989|5989|5995|
35|110|106|51|5989|5989|5989|5995|
36|110|106|51|5989|5989|5989|5995|
37|109|106|50|5883|5883|5883|5886|
38|109|106|50|5883|5883|5883|5886|
39|109|106|50|5883|5883|5883|5886|
