time|pop|pol|cri|sit|of_c|of_n|of_p|br_ac|inter
0|100|19|55|1710|922|720|4950|
1|110|67|65|5092|3615|2970|5995|
2|121|98|58|7007|6004|5412|7260|
3|133|116|67|8642|8346|8136|8778|
4|146|134|80|10519|10387|10230|10585|
5|160|150|93|12675|12560|12358|12720|
6|176|165|105|15345|15192|14996|15400|
7|193|185|112|18500|18500|18500|18528|
8|212|201|121|22311|22311|22311|22366|
9|233|220|138|26950|26950|26950|27028|
10|256|247|141|32604|32604|32604|32640|
11|281|275|143|39325|39325|39325|39340|
12|309|302|161|47565|47565|47565|47586|
13|339|334|163|57281|57281|57281|57291|
14|372|368|182|69000|69000|69000|69006|
15|409|404|203|83426|83426|83426|83436|
16|449|445|226|100570|100570|100570|100576|
17|493|491|228|121277|121277|121277|121278|
18|542|539|254|146608|146608|146608|146611|
19|596|594|272|177309|177309|177309|177310|
20|655|653|282|214184|214184|214184|214185|
21|720|717|315|258837|258837|258837|258840|
22|792|788|352|313230|313230|313230|313236|
23|871|864|388|378864|378864|378864|378885|
24|958|947|437|458348|458348|458348|458403|
25|1053|1035|491|553725|553725|553725|553878|
26|1158|1145|536|669825|669825|669825|669903|
27|1273|1258|586|809523|809523|809523|809628|
28|1400|1385|629|979195|979195|979195|979300|
29|1540|1529|695|1184975|1184975|1184975|1185030|
30|1694|1678|761|1433851|1433851|1433851|1433971|
31|1863|1846|844|1734317|1734317|1734317|1734453|
32|2049|2026|952|2097923|2097923|2097923|2098176|
33|2253|2235|1051|2536725|2536725|2536725|2536878|
34|2478|2457|1157|3068793|3068793|3068793|3069003|
35|2725|2700|1295|3711150|3711150|3711150|3711450|
36|2997|2976|1442|4489296|4489296|4489296|4489506|
37|3296|3276|1571|5429970|5429970|5429970|5430160|
38|3625|3606|1782|6568329|6568329|6568329|6568500|
39|3987|3970|1986|7945955|7945955|7945955|7946091|
