time|pop|pol|cri|sit|of_c|of_n|of_p|br_ac|inter
0|100|24|41|2100|915|414|4950|
1|110|65|43|5005|2347|1188|5995|
2|121|94|35|6909|4276|2925|7260|
3|133|115|35|8625|6768|5487|8778|
4|146|130|38|10465|9266|8437|10585|
5|160|143|48|12584|12218|11799|12720|
6|176|161|55|15295|15149|14946|15400|
7|193|181|59|18462|18254|18079|18528|
8|212|202|69|22321|22215|22110|22366|
9|233|224|74|26992|26992|26992|27028|
10|256|245|81|32585|32585|32585|32640|
11|281|269|86|39274|39274|39274|39340|
12|309|299|96|47541|47541|47541|47586|
13|339|328|101|57236|57236|57236|57291|
14|372|359|119|68928|68928|68928|69006|
15|409|396|150|83358|83358|83358|83436|
16|449|440|168|100540|100540|100540|100576|
17|493|480|195|121200|121200|121200|121278|
18|542|529|216|146533|146533|146533|146611|
19|596|580|242|177190|177190|177190|177310|
20|655|637|276|214032|214032|214032|214185|
21|720|700|316|258650|258650|258650|258840|
22|792|771|348|313026|313026|313026|313236|
23|871|842|374|378479|378479|378479|378885|
24|958|933|426|458103|458103|458103|458403|
25|1053|1030|465|553625|553625|553625|553878|
26|1158|1136|509|669672|669672|669672|669903|
27|1273|1253|554|809438|809438|809438|809628|
28|1400|1381|611|979129|979129|979129|979300|
29|1540|1520|671|1184840|1184840|1184840|1185030|
30|1694|1673|758|1433761|1433761|1433761|1433971|
31|1704|1673|758|1450491|1450491|1450491|1450956|
32|1713|1673|758|1465548|1465548|1465548|1466328|
33|1719|1673|758|1475586|1475586|1475586|1476621|
34|1729|1673|758|1492316|1492316|1492316|1493856|
35|1737|1673|758|1505700|1505700|1505700|1507716|
36|1735|1673|758|1502354|1502354|1502354|1504245|
37|1716|1673|758|1470567|1470567|1470567|1471470|
38|1702|1673|758|1447145|1447145|1447145|1447551|
39|1694|1673|758|1433761|1433761|1433761|1433971|
