time|pop|pol|cri|sit|of_c|of_n|of_p|br_ac|inter
0|100|18|58|1629|897|581|4950|
1|110|61|59|4819|3091|2121|5995|
2|121|94|65|6909|4860|3588|7260|
3|133|112|62|8568|7327|6419|8778|
4|146|124|64|10354|9352|8607|10585|
5|160|142|72|12567|11950|11340|12720|
6|176|164|75|15334|14873|14299|15400|
7|193|183|90|18483|18217|17910|18528|
8|212|200|101|22300|22016|21670|22366|
9|233|215|114|26875|26875|26875|27028|
10|256|238|122|32487|32487|32487|32640|
11|281|257|142|39064|39064|39064|39340|
12|309|283|162|47261|47261|47261|47586|
13|305|283|158|46129|46129|46129|46360|
14|303|283|156|45563|45563|45563|45753|
15|303|283|156|45563|45563|45563|45753|
16|300|283|153|44714|44714|44714|44850|
17|300|283|153|44714|44714|44714|44850|
18|299|283|152|44431|44431|44431|44551|
19|297|283|150|43865|43865|43865|43956|
20|296|283|149|43582|43582|43582|43660|
21|296|283|149|43582|43582|43582|43660|
22|296|283|149|43582|43582|43582|43660|
23|295|283|148|43299|43299|43299|43365|
24|295|283|148|43299|43299|43299|43365|
25|297|283|150|43865|43865|43865|43956|
26|298|283|151|44148|44148|44148|44253|
27|300|283|153|44714|44714|44714|44850|
28|300|283|153|44714|44714|44714|44850|
29|300|283|153|44714|44714|44714|44850|
30|299|283|152|44431|44431|44431|44551|
31|296|283|149|43582|43582|43582|43660|
32|297|283|150|43865|43865|43865|43956|
33|294|283|147|43016|43016|43016|43071|
34|295|283|148|43299|43299|43299|43365|
35|296|283|149|43582|43582|43582|43660|
36|295|283|148|43299|43299|43299|43365|
37|294|283|147|43016|43016|43016|43071|
38|294|283|147|43016|43016|43016|43071|
39|294|283|147|43016|43016|43016|43071|
