time|pop|pol|cri|sit|of_c|of_n|of_p|br_ac|inter
0|100|22|57|1947|1190|485|4950|
1|108|62|56|4743|3125|1350|5778|
2|118|84|61|6342|4577|2725|6903|
3|129|93|73|7626|6648|5577|8256|
4|141|105|82|9240|8359|7314|9870|
5|155|119|93|11305|10750|9955|11935|
6|170|139|111|13900|13421|12738|14365|
7|172|139|115|14178|13715|13002|14706|
8|171|139|116|14039|13558|12870|14535|
9|170|138|113|13869|13463|12870|14365|
10|165|138|106|13179|12781|12210|13530|
11|164|138|103|13041|12640|12078|13366|
12|159|136|100|12308|12046|11682|12561|
13|156|134|101|11859|11722|11550|12090|
14|149|132|96|10890|10890|10890|11026|
15|147|132|94|10626|10626|10626|10731|
16|147|132|95|10626|10626|10626|10731|
17|144|132|94|10230|10230|10230|10296|
18|144|132|93|10230|10230|10230|10296|
19|143|132|94|10098|10098|10098|10153|
20|141|132|92|9834|9834|9834|9870|
21|142|132|93|9966|9966|9966|10011|
22|140|132|92|9702|9702|9702|9730|
23|139|132|93|9570|9570|9570|9591|
24|139|132|93|9570|9570|9570|9591|
25|138|132|93|9438|9438|9438|9453|
26|137|132|93|9306|9306|9306|9316|
27|136|132|92|9174|9174|9174|9180|
28|136|132|92|9174|9174|9174|9180|
29|136|132|92|9174|9174|9174|9180|
30|136|132|92|9174|9174|9174|9180|
31|136|132|92|9174|9174|9174|9180|
32|136|132|92|9174|9174|9174|9180|
33|136|132|92|9174|9174|9174|9180|
34|136|132|92|9174|9174|9174|9180|
35|136|132|92|9174|9174|9174|9180|
36|136|132|92|9174|9174|9174|9180|
37|135|132|91|9042|9042|9042|9045|
38|135|132|91|9042|9042|9042|9045|
39|135|132|91|9042|9042|9042|9045|
