time|pop|pol|cri|sit|of_c|of_n|of_p|br_ac|inter
0|100|19|55|1710|891|368|4950|
1|110|61|55|4819|2682|1131|5995|
2|121|87|60|6699|4250|2134|7260|
3|133|106|77|8427|6033|4068|8778|
4|146|114|99|10089|8915|7722|10585|
5|160|132|119|12342|11293|10431|12720|
6|176|154|136|15169|14417|13651|15400|
7|193|173|153|18338|17819|17201|18528|
8|212|186|171|22041|21856|21620|22366|
9|233|206|192|26677|26579|26445|27028|
10|256|228|212|32262|32161|32007|32640|
11|281|253|233|38962|38823|38682|39340|
12|309|284|251|47286|47143|46978|47586|
13|339|310|272|56885|56734|56547|57291|
14|346|310|276|59055|58889|58710|59685|
15|355|310|283|61845|61679|61491|62835|
16|364|310|293|64635|64477|64272|66066|
17|349|309|280|59946|59946|59946|60726|
18|335|309|268|55620|55620|55620|55945|
19|326|309|262|52839|52839|52839|52975|
20|320|309|257|50985|50985|50985|51040|
21|317|309|254|50058|50058|50058|50086|
22|315|309|252|49440|49440|49440|49455|
23|314|309|251|49131|49131|49131|49141|
24|313|309|250|48822|48822|48822|48828|
25|313|309|250|48822|48822|48822|48828|
26|312|309|249|48513|48513|48513|48516|
27|312|309|249|48513|48513|48513|48516|
28|312|309|249|48513|48513|48513|48516|
29|312|309|249|48513|48513|48513|48516|
30|312|309|249|48513|48513|48513|48516|
31|311|309|248|48204|48204|48204|48205|
32|311|309|248|48204|48204|48204|48205|
33|311|309|248|48204|48204|48204|48205|
34|311|309|248|48204|48204|48204|48205|
35|311|309|248|48204|48204|48204|48205|
36|311|309|248|48204|48204|48204|48205|
37|311|309|248|48204|48204|48204|48205|
38|311|309|248|48204|48204|48204|48205|
39|311|309|248|48204|48204|48204|48205|
