time|pop|pol|cri|sit|of_c|of_n|of_p|br_ac|inter
0|100|14|52|1295|600|207|4950|
1|110|57|47|4617|2241|869|5995|
2|121|89|35|6764|4600|2472|7260|
3|133|96|33|8112|6914|5256|8778|
4|133|96|38|8112|6919|5256|8778|
5|130|96|37|7824|6703|5110|8385|
6|129|96|35|7728|6626|5037|8256|
7|128|96|35|7632|6554|4964|8128|
8|128|96|35|7632|6525|4964|8128|
9|117|90|30|6435|5684|4599|6786|
10|102|80|26|4920|4653|4234|5151|
11|86|73|21|3577|3577|3577|3655|
12|82|73|18|3285|3285|3285|3321|
13|79|73|17|3066|3066|3066|3081|
14|75|73|15|2774|2774|2774|2775|
15|75|73|15|2774|2774|2774|2775|
16|74|73|14|2701|2701|2701|2701|
17|74|73|14|2701|2701|2701|2701|
18|74|73|14|2701|2701|2701|2701|
19|74|73|14|2701|2701|2701|2701|
20|74|73|14|2701|2701|2701|2701|
21|74|73|14|2701|2701|2701|2701|
22|74|73|14|2701|2701|2701|2701|
23|74|73|14|2701|2701|2701|2701|
24|74|73|14|2701|2701|2701|2701|
25|74|73|14|2701|2701|2701|2701|
26|74|73|14|2701|2701|2701|2701|
27|74|73|14|2701|2701|2701|2701|
28|74|73|14|2701|2701|2701|2701|
29|74|73|14|2701|2701|2701|2701|
30|74|73|14|2701|2701|2701|2701|
31|74|73|14|2701|2701|2701|2701|
32|74|73|14|2701|2701|2701|2701|
33|74|73|14|2701|2701|2701|2701|
34|74|73|14|2701|2701|2701|2701|
35|74|73|14|2701|2701|2701|2701|
36|74|73|14|2701|2701|2701|2701|
37|74|73|14|2701|2701|2701|2701|
38|74|73|14|2701|2701|2701|2701|
39|74|73|14|2701|2701|2701|2701|
