time|pop|pol|cri|sit|of_c|of_n|of_p|br_ac|inter
0|100|26|51|2249|1229|562|4950|
1|110|65|53|5005|3045|1739|5995|
2|121|99|51|7029|5418|4125|7260|
3|133|113|59|8588|7782|7245|8778|
4|146|129|71|10449|10112|9891|10585|
5|160|143|70|12584|12441|12441|12720|
6|176|161|80|15295|15295|15295|15400|
7|193|179|88|18437|18437|18437|18528|
8|212|201|104|22311|22311|22311|22366|
9|233|223|122|26983|26983|26983|27028|
10|256|244|132|32574|32574|32574|32640|
11|281|269|153|39274|39274|39274|39340|
12|309|294|162|47481|47481|47481|47586|
13|339|322|180|57155|57155|57155|57291|
14|372|355|196|68870|68870|68870|69006|
15|409|390|214|83265|83265|83265|83436|
16|449|428|239|100366|100366|100366|100576|
17|493|472|272|121068|121068|121068|121278|
18|542|523|310|146440|146440|146440|146611|
19|596|573|334|177057|177057|177057|177310|
20|655|638|364|214049|214049|214049|214185|
21|720|704|396|258720|258720|258720|258840|
22|792|776|439|313116|313116|313116|313236|
23|871|853|489|378732|378732|378732|378885|
24|958|939|514|458232|458232|458232|458403|
25|1053|1029|561|553602|553602|553602|553878|
26|1158|1131|617|669552|669552|669552|669903|
27|1165|1131|615|677469|677469|677469|678030|
28|1169|1131|613|681993|681993|681993|682696|
29|1173|1131|611|686517|686517|686517|687378|
30|1182|1131|612|696696|696696|696696|697971|
31|1192|1131|611|708006|708006|708006|709836|
32|1198|1131|610|714792|714792|714792|717003|
33|1184|1131|610|698958|698958|698958|700336|
34|1169|1131|610|681993|681993|681993|682696|
35|1159|1131|610|670683|670683|670683|671061|
36|1151|1131|610|661635|661635|661635|661825|
37|1145|1131|610|654849|654849|654849|654940|
38|1142|1131|610|651456|651456|651456|651511|
39|1138|1131|610|646932|646932|646932|646953|
