time|pop|pol|cri|sit|of_c|of_n|of_p|br_ac|inter
0|100|26|47|2249|1421|913|4950|
1|110|63|51|4914|3429|2398|5995|
2|121|87|48|6699|5208|4046|7260|
3|133|104|43|8372|7222|6255|8778|
4|146|123|51|10332|9902|9338|10585|
5|160|135|52|12420|12138|11790|12720|
6|176|155|60|15190|15049|14841|15400|
7|193|173|61|18338|18338|18338|18528|
8|212|193|65|22195|22195|22195|22366|
9|233|214|77|26857|26857|26857|27028|
10|256|235|87|32430|32430|32430|32640|
11|281|260|95|39130|39130|39130|39340|
12|309|289|100|47396|47396|47396|47586|
13|314|289|102|48841|48841|48841|49141|
14|323|289|108|51442|51442|51442|52003|
15|327|289|109|52598|52598|52598|53301|
16|328|289|109|52887|52887|52887|53628|
17|331|289|112|53754|53754|53754|54615|
18|332|289|108|54043|54043|54043|54946|
19|335|289|107|54910|54910|54910|55945|
20|315|289|101|49130|49130|49130|49455|
21|307|289|99|46818|46818|46818|46971|
22|299|289|94|44506|44506|44506|44551|
23|294|289|92|43061|43061|43061|43071|
24|292|289|92|42483|42483|42483|42486|
25|292|289|92|42483|42483|42483|42486|
26|291|289|91|42194|42194|42194|42195|
27|291|289|91|42194|42194|42194|42195|
28|291|289|91|42194|42194|42194|42195|
29|291|289|91|42194|42194|42194|42195|
30|291|289|91|42194|42194|42194|42195|
31|291|289|91|42194|42194|42194|42195|
32|291|289|91|42194|42194|42194|42195|
33|291|289|91|42194|42194|42194|42195|
34|291|289|91|42194|42194|42194|42195|
35|291|289|91|42194|42194|42194|42195|
36|291|289|91|42194|42194|42194|42195|
37|291|289|91|42194|42194|42194|42195|
38|291|289|91|42194|42194|42194|42195|
39|290|289|90|41905|41905|41905|41905|
