time|pop|pol|cri|sit|of_c|of_n|of_p|br_ac|inter
0|100|19|57|1710|978|464|4950|
1|110|61|59|4819|2887|1457|5995|
2|121|86|61|6665|4501|3150|7260|
3|133|105|58|8400|7246|6417|8778|
4|146|126|57|10395|9981|9717|10585|
5|160|142|67|12567|12415|12250|12720|
6|176|158|71|15247|15073|14898|15400|
7|193|174|77|18357|18256|18165|18528|
8|212|190|87|22135|22135|22135|22366|
9|233|212|80|26818|26818|26818|27028|
10|256|240|77|32520|32520|32520|32640|
11|281|269|92|39274|39274|39274|39340|
12|309|293|100|47466|47466|47466|47586|
13|339|326|110|57213|57213|57213|57291|
14|372|357|127|68901|68901|68901|69006|
15|409|396|145|83358|83358|83358|83436|
16|449|432|161|100440|100440|100440|100576|
17|493|474|170|121107|121107|121107|121278|
18|542|525|188|146475|146475|146475|146611|
19|596|578|203|177157|177157|177157|177310|
20|655|635|213|213995|213995|213995|214185|
21|720|696|218|258564|258564|258564|258840|
22|792|762|240|312801|312801|312801|313236|
23|871|845|253|378560|378560|378560|378885|
24|958|927|268|457938|457938|457938|458403|
25|1053|1024|278|553472|553472|553472|553878|
26|1064|1024|286|564736|564736|564736|565516|
27|1082|1024|294|583168|583168|583168|584821|
28|1095|1024|295|596480|596480|596480|598965|
29|1098|1024|296|599552|599552|599552|602253|
30|1095|1024|296|596480|596480|596480|598965|
31|1092|1024|294|593408|593408|593408|595686|
32|1076|1024|291|577024|577024|577024|578350|
33|1060|1024|284|560640|560640|560640|561270|
34|1051|1024|281|551424|551424|551424|551775|
35|1043|1024|277|543232|543232|543232|543403|
36|1038|1024|277|538112|538112|538112|538203|
37|1034|1024|275|534016|534016|534016|534061|
38|1031|1024|273|530944|530944|530944|530965|
39|1030|1024|272|529920|529920|529920|529935|
