time|pop|pol|cri|sit|of_c|of_n|of_p|br_ac|inter
0|100|15|46|1380|686|396|4950|
1|110|51|56|4284|2512|1617|5995|
2|121|88|47|6732|4397|3250|7260|
3|133|113|48|8588|7058|5875|8778|
4|146|129|56|10449|9369|8265|10585|
5|160|140|65|12530|11967|11286|12720|
6|176|159|75|15264|14773|14229|15400|
7|172|153|74|14535|14535|14535|14706|
8|173|153|76|14688|14688|14688|14878|
9|173|153|77|14688|14688|14688|14878|
10|170|153|76|14229|14229|14229|14365|
11|168|153|76|13923|13923|13923|14028|
12|169|153|76|14076|14076|14076|14196|
13|167|153|76|13770|13770|13770|13861|
14|167|153|74|13770|13770|13770|13861|
15|166|153|73|13617|13617|13617|13695|
16|165|153|72|13464|13464|13464|13530|
17|165|153|72|13464|13464|13464|13530|
18|166|153|72|13617|13617|13617|13695|
19|165|153|70|13464|13464|13464|13530|
20|164|153|72|13311|13311|13311|13366|
21|163|153|71|13158|13158|13158|13203|
22|164|153|71|13311|13311|13311|13366|
23|164|153|72|13311|13311|13311|13366|
24|164|153|72|13311|13311|13311|13366|
25|163|153|72|13158|13158|13158|13203|
26|165|153|75|13464|13464|13464|13530|
27|164|153|73|13311|13311|13311|13366|
28|164|153|74|13311|13311|13311|13366|
29|164|153|73|13311|13311|13311|13366|
30|164|153|73|13311|13311|13311|13366|
31|162|153|72|13005|13005|13005|13041|
32|162|153|72|13005|13005|13005|13041|
33|162|153|72|13005|13005|13005|13041|
34|163|153|73|13158|13158|13158|13203|
35|164|153|72|13311|13311|13311|13366|
36|164|153|72|13311|13311|13311|13366|
37|165|153|73|13464|13464|13464|13530|
38|165|153|73|13464|13464|13464|13530|
39|165|153|73|13464|13464|13464|13530|
