time|pop|pol|cri|sit|of_c|of_n|of_p|br_ac|inter
0|100|18|59|1629|933|455|4950|
1|110|59|64|4720|2789|1457|5995|
2|121|84|70|6594|4929|3627|7260|
3|133|96|80|8112|6828|6177|8778|
4|146|117|99|10179|9080|8525|10585|
5|160|132|105|12342|11240|10795|12720|
6|176|158|130|15247|14622|14245|15400|
7|193|178|143|18423|17890|17487|18528|
8|212|201|159|22311|22102|21890|22366|
9|233|221|180|26962|26847|26730|27028|
10|256|246|196|32595|32595|32595|32640|
11|281|272|209|39304|39304|39304|39340|
12|309|296|240|47508|47508|47508|47586|
13|339|322|264|57155|57155|57155|57291|
14|372|356|285|68886|68886|68886|69006|
15|409|395|314|83345|83345|83345|83436|
16|449|434|339|100471|100471|100471|100576|
17|493|474|372|121107|121107|121107|121278|
18|497|474|373|123003|123003|123003|123256|
19|503|474|378|125847|125847|125847|126253|
20|509|474|383|128691|128691|128691|129286|
21|516|474|388|132009|132009|132009|132870|
22|522|474|387|134853|134853|134853|135981|
23|503|474|376|125847|125847|125847|126253|
24|491|474|370|120159|120159|120159|120295|
25|483|474|366|116367|116367|116367|116403|
26|478|474|364|113997|113997|113997|114003|
27|477|474|363|113523|113523|113523|113526|
28|477|474|363|113523|113523|113523|113526|
29|476|474|362|113049|113049|113049|113050|
30|476|474|362|113049|113049|113049|113050|
31|475|474|362|112575|112575|112575|112575|
32|475|474|362|112575|112575|112575|112575|
33|475|474|362|112575|112575|112575|112575|
34|475|474|362|112575|112575|112575|112575|
35|475|474|362|112575|112575|112575|112575|
36|475|474|362|112575|112575|112575|112575|
37|475|474|362|112575|112575|112575|112575|
38|475|474|362|112575|112575|112575|112575|
39|475|474|362|112575|112575|112575|112575|
