time|pop|pol|cri|sit|of_c|of_n|of_p|br_ac|inter
0|100|18|46|1629|816|307|4950|
1|110|60|59|4770|2562|1050|5995|
2|121|94|63|6909|4370|2438|7260|
3|133|107|70|8453|7676|6721|8778|
4|146|121|81|10285|9678|8880|10585|
5|160|138|94|12489|12281|12015|12720|
6|165|138|96|13179|12979|12690|13530|
7|181|163|108|16137|15978|15778|16290|
8|199|190|131|19665|19569|19467|19701|
9|218|211|143|23632|23522|23415|23653|
10|239|230|156|28405|28405|28405|28441|
11|262|249|170|34113|34113|34113|34191|
12|288|279|192|41292|41292|41292|41328|
13|316|301|207|49665|49665|49665|49770|
14|347|334|229|59953|59953|59953|60031|
15|381|364|244|72254|72254|72254|72390|
16|419|401|268|87418|87418|87418|87571|
17|460|439|294|105360|105360|105360|105570|
18|506|487|327|127594|127594|127594|127765|
19|556|541|366|154185|154185|154185|154290|
20|611|597|403|186264|186264|186264|186355|
21|672|658|453|225365|225365|225365|225456|
22|739|724|495|272586|272586|272586|272691|
23|743|724|495|275482|275482|275482|275653|
24|750|724|495|280550|280550|280550|280875|
25|757|724|495|285618|285618|285618|286146|
26|762|724|495|289238|289238|289238|289941|
27|769|724|495|294306|294306|294306|295296|
28|781|724|495|302994|302994|302994|304590|
29|783|724|495|304442|304442|304442|306153|
30|781|724|495|302994|302994|302994|304590|
31|777|724|495|300098|300098|300098|301476|
32|773|724|495|297202|297202|297202|298378|
33|761|724|495|288514|288514|288514|289180|
34|749|724|495|279826|279826|279826|280126|
35|742|724|495|274758|274758|274758|274911|
36|736|724|495|270414|270414|270414|270480|
37|731|724|495|266794|266794|266794|266815|
38|729|724|495|265346|265346|265346|265356|
39|728|724|495|264622|264622|264622|264628|
