time|pop|pol|cri|sit|of_c|of_n|of_p|br_ac|inter
0|100|26|52|2249|1233|668|4950|
1|110|75|61|5400|3268|1827|5995|
2|121|106|55|7155|5483|3914|7260|
3|133|114|63|8607|7449|6175|8778|
4|146|117|72|10179|9363|8560|10585|
5|160|133|77|12369|11749|11151|12720|
6|176|155|84|15190|14985|14668|15400|
7|193|179|90|18437|18360|18245|18528|
8|212|197|100|22261|22261|22261|22366|
9|233|217|107|26908|26908|26908|27028|
10|256|238|117|32487|32487|32487|32640|
11|281|264|129|39204|39204|39204|39340|
12|309|291|139|47433|47433|47433|47586|
13|339|310|157|56885|56885|56885|57291|
14|339|310|154|56885|56885|56885|57291|
15|339|310|155|56885|56885|56885|57291|
16|338|310|155|56575|56575|56575|56953|
17|341|310|158|57505|57505|57505|57970|
18|343|310|161|58125|58125|58125|58653|
19|342|310|157|57815|57815|57815|58311|
20|340|310|160|57195|57195|57195|57630|
21|339|310|159|56885|56885|56885|57291|
22|340|310|162|57195|57195|57195|57630|
23|343|310|164|58125|58125|58125|58653|
24|333|310|153|55025|55025|55025|55278|
25|327|310|148|53165|53165|53165|53301|
26|322|310|145|51615|51615|51615|51681|
27|318|310|141|50375|50375|50375|50403|
28|317|310|140|50065|50065|50065|50086|
29|315|310|138|49445|49445|49445|49455|
30|315|310|138|49445|49445|49445|49455|
31|315|310|138|49445|49445|49445|49455|
32|315|310|138|49445|49445|49445|49455|
33|315|310|138|49445|49445|49445|49455|
34|314|310|137|49135|49135|49135|49141|
35|314|310|137|49135|49135|49135|49141|
36|313|310|136|48825|48825|48825|48828|
37|312|310|135|48515|48515|48515|48516|
38|312|310|135|48515|48515|48515|48516|
39|312|310|135|48515|48515|48515|48516|
