time|pop|pol|cri|sit|of_c|of_n|of_p|br_ac|inter
0|100|15|54|1380|875|642|4950|
1|110|52|56|4342|2831|2071|5995|
2|121|88|54|6732|5398|4575|7260|
3|133|107|59|8453|7428|6950|8778|
4|146|121|67|10285|9671|9520|10585|
5|160|141|67|12549|12267|12267|12720|
6|176|162|76|15309|15147|15147|15400|
7|193|179|88|18437|18437|18437|18528|
8|212|197|104|22261|22261|22261|22366|
9|233|222|120|26973|26973|26973|27028|
10|256|247|126|32604|32604|32604|32640|
11|281|271|140|39295|39295|39295|39340|
12|309|302|158|47565|47565|47565|47586|
13|339|334|181|57281|57281|57281|57291|
14|372|366|192|68991|68991|68991|69006|
15|409|403|199|83421|83421|83421|83436|
16|449|441|219|100548|100548|100548|100576|
17|493|481|237|121212|121212|121212|121278|
18|542|526|265|146491|146491|146491|146611|
19|596|578|294|177157|177157|177157|177310|
20|655|635|334|213995|213995|213995|214185|
21|720|698|375|258609|258609|258609|258840|
22|792|771|415|313026|313026|313026|313236|
23|871|855|459|378765|378765|378765|378885|
24|958|946|495|458337|458337|458337|458403|
25|1053|1040|532|553800|553800|553800|553878|
26|1158|1145|585|669825|669825|669825|669903|
27|1273|1260|636|809550|809550|809550|809628|
28|1400|1382|678|979147|979147|979147|979300|
29|1405|1382|678|986057|986057|986057|986310|
30|1413|1382|678|997113|997113|997113|997578|
31|1413|1382|678|997113|997113|997113|997578|
32|1416|1382|678|1001259|1001259|1001259|1001820|
33|1421|1382|678|1008169|1008169|1008169|1008910|
34|1415|1382|678|999877|999877|999877|1000405|
35|1408|1382|678|990203|990203|990203|990528|
36|1403|1382|678|983293|983293|983293|983503|
37|1400|1382|678|979147|979147|979147|979300|
38|1395|1382|678|972237|972237|972237|972315|
39|1392|1382|678|968091|968091|968091|968136|
