time|pop|pol|cri|sit|of_c|of_n|of_p|br_ac|inter
0|100|22|55|1947|1080|484|4950|
1|110|81|47|5589|2851|1295|5995|
2|121|115|57|7245|3249|1372|7260|
3|133|133|62|8778|4121|1953|8778|
4|146|146|74|10585|4710|2080|10585|
5|160|160|85|12720|5466|2278|12720|
6|176|176|93|15400|6186|2485|15400|
7|193|193|104|18528|7836|3321|18528|
8|212|212|121|22366|11199|5565|22366|
9|233|233|127|27028|13573|6786|27028|
10|256|256|132|32640|16886|8646|32640|
11|281|281|145|39340|20081|10296|39340|
12|309|309|158|47586|25096|13203|47586|
13|339|339|165|57291|28196|13861|57291|
14|372|372|189|69006|37502|20301|69006|
15|409|409|220|83436|46846|26335|83436|
16|449|449|249|100576|58974|34453|100576|
17|493|493|278|121278|69561|39903|121278|
18|542|542|319|146611|86962|51681|146611|
19|596|596|350|177310|105099|62481|177310|
20|655|655|380|214185|126291|74305|214185|
21|720|720|409|258840|152114|89253|258840|
22|792|792|450|313236|184516|108345|313236|
23|871|871|489|378885|217517|124251|378885|
24|958|958|557|458403|266797|155403|458403|
25|1053|1053|621|553878|331370|198135|553878|
26|1158|1158|670|669903|401448|240471|669903|
27|1273|1273|721|809628|476173|279378|809628|
28|1400|1400|789|979300|574072|335790|979300|
29|1540|1540|881|1185030|674148|383250|1185030|
30|1694|1694|975|1433971|812314|460320|1433971|
31|1863|1863|1102|1734453|997851|572985|1734453|
32|2049|2049|1215|2098176|1207762|695610|2098176|
33|2253|2253|1311|2536878|1468703|849556|2536878|
34|2478|2478|1477|3069003|1739848|986310|3069003|
35|2725|2725|1657|3711450|2086648|1174278|3711450|
36|2997|2997|1802|4489506|2508382|1401975|4489506|
37|3296|3296|1973|5430160|3014235|1671706|5430160|
38|3625|3625|2189|6568500|3640818|2017036|6568500|
39|3987|3987|2418|7946091|4295355|2320935|7946091|
