time|pop|pol|cri|sit|of_c|of_n|of_p|br_ac|inter
0|100|16|54|1464|815|343|4950|
1|108|67|69|4958|2452|1022|5778|
2|118|109|80|6867|2825|1122|6903|
3|129|127|99|8255|2969|1034|8256|
4|141|141|116|9870|3420|1128|9870|
5|155|155|130|11935|3835|1225|11935|
6|170|170|148|14365|4776|1540|14365|
7|187|187|164|17391|5790|1891|17391|
8|205|205|184|20910|6551|2016|20910|
9|225|225|199|25200|7950|2485|25200|
10|247|247|218|30381|8729|2485|30381|
11|271|271|238|36585|9114|2278|36585|
12|298|298|264|44253|10671|2485|44253|
13|327|327|303|53301|13977|3655|53301|
14|359|359|332|64261|16479|4186|64261|
15|394|394|357|77421|20131|5253|77421|
16|433|433|390|93528|24458|6328|93528|
17|476|476|430|113050|30855|8385|113050|
18|523|523|476|136503|36318|9730|136503|
19|575|575|519|165025|42740|11026|165025|
20|632|632|575|199396|51647|13366|199396|
21|695|695|644|241165|64185|17020|241165|
22|764|764|705|291466|78480|20910|291466|
23|840|840|782|352380|99010|27730|352380|
24|924|924|863|426426|114892|30876|426426|
25|1016|1016|931|515620|147839|42195|515620|
26|1117|1117|1018|623286|178740|51360|623286|
27|1228|1228|1122|753378|229273|69751|753378|
28|1350|1350|1222|910575|280045|85905|910575|
29|1485|1485|1339|1101870|320729|93528|1101870|
30|1633|1633|1480|1332528|395703|117370|1332528|
31|1796|1796|1604|1611910|482282|143380|1611910|
32|1975|1975|1748|1949325|580658|172578|1949325|
33|2172|2172|1921|2357706|723770|222111|2357706|
34|2389|2389|2129|2852466|848533|251695|2852466|
35|2627|2627|2351|3449251|1026044|305371|3449251|
36|2889|2889|2560|4171716|1313105|412686|4171716|
37|3177|3177|2827|5045076|1595054|504510|5045076|
38|3494|3494|3118|6102271|1905679|594595|6102271|
39|3843|3843|3433|7382403|2332318|736291|7382403|
