time|pop|pol|cri|sit|of_c|of_n|of_p|br_ac|inter
0|100|17|52|1547|937|555|4950|
1|109|69|55|5106|2978|1763|5886|
2|119|111|63|6993|4117|2479|7021|
3|130|127|64|8382|5062|3002|8385|
4|143|142|72|10153|5800|3403|10153|
5|157|156|82|12246|7201|4278|12246|
6|172|171|90|14706|8012|4371|14706|
7|189|189|103|17766|10144|5778|17766|
8|207|207|117|21321|12516|7260|21321|
9|227|227|136|25651|14090|7750|25651|
10|249|249|151|30876|17637|10011|30876|
11|273|273|163|37128|20367|11175|37128|
12|300|300|179|44850|23737|12561|44850|
13|330|330|178|54285|28069|14535|54285|
14|363|363|199|65703|34525|18145|65703|
15|399|399|209|79401|41789|22155|79401|
16|438|438|227|95703|52811|29161|95703|
17|481|481|241|115440|64029|35511|115440|
18|529|529|265|139656|75003|40186|139656|
19|581|581|283|168490|87490|45451|168490|
20|639|639|324|203841|106604|55611|203841|
21|702|702|344|246051|123807|62128|246051|
22|772|772|382|297606|145279|71253|297606|
23|849|849|421|359976|172844|83028|359976|
24|933|933|456|434778|218059|109278|434778|
25|1026|1026|488|525825|259765|128271|525825|
26|1128|1128|509|635628|318374|158766|635628|
27|1240|1240|550|768180|387561|195000|768180|
28|1364|1364|597|929566|461331|228826|929566|
29|1500|1500|642|1124250|564786|283128|1124250|
30|1650|1650|688|1360425|715051|375411|1360425|
31|1815|1815|743|1646205|884294|474825|1646205|
32|1996|1996|838|1991010|1097164|604450|1991010|
33|2195|2195|927|2407915|1349656|755835|2407915|
34|2414|2414|987|2912491|1659419|946000|2912491|
35|2655|2655|1118|3523185|1984408|1116765|3523185|
36|2920|2920|1253|4261740|2387527|1335795|4261740|
37|3212|3212|1367|5156866|2874126|1601155|5156866|
38|3533|3533|1488|6239278|3415770|1869211|6239278|
39|3886|3886|1631|7548555|4065066|2189278|7548555|
