time|pop|pol|cri|sit|of_c|of_n|of_p|br_ac|inter
0|100|18|55|1629|893|444|4950|
1|110|72|65|5292|3024|1494|5995|
2|121|112|66|7224|3754|1749|7260|
3|133|131|75|8777|4098|1891|8778|
4|146|146|83|10585|4812|2145|10585|
5|160|160|98|12720|5533|2346|12720|
6|176|176|104|15400|5725|2145|15400|
7|193|193|126|18528|6304|2145|18528|
8|212|212|134|22366|9025|3570|22366|
9|233|233|155|27028|10622|4186|27028|
10|256|256|181|32640|13842|5886|32640|
11|281|281|200|39340|15546|6105|39340|
12|309|309|213|47586|18755|7381|47586|
13|339|339|232|57291|22876|9180|57291|
14|372|372|261|69006|28513|11781|69006|
15|409|409|299|83436|33395|13366|83436|
16|449|449|341|100576|34807|12090|100576|
17|493|493|366|121278|43585|15576|121278|
18|542|542|407|146611|51571|18145|146611|
19|596|596|459|177310|64308|23220|177310|
20|655|655|495|214185|77891|28203|214185|
21|720|720|548|258840|88556|30135|258840|
22|792|792|608|313236|117584|43956|313236|
23|871|871|665|378885|136985|49455|378885|
24|958|958|738|458403|172506|64980|458403|
25|1053|1053|818|553878|210268|79401|553878|
26|1158|1158|900|669903|261300|101475|669903|
27|1273|1273|994|809628|320121|126253|809628|
28|1400|1400|1106|979300|382037|148785|979300|
29|1540|1540|1210|1185030|462370|180300|1185030|
30|1694|1694|1314|1433971|569148|226128|1433971|
31|1863|1863|1462|1734453|680072|266085|1734453|
32|2049|2049|1620|2098176|815125|316410|2098176|
33|2253|2253|1798|2536878|992700|387640|2536878|
34|2478|2478|1946|3069003|1214979|480690|3069003|
35|2725|2725|2121|3711450|1516866|619941|3711450|
36|2997|2997|2333|4489506|1821810|737505|4489506|
37|3296|3296|2573|5430160|2166789|865270|5430160|
38|3625|3625|2889|6568500|2533109|976503|6568500|
39|3987|3987|3192|7946091|2940140|1087075|7946091|
