time|pop|pol|cri|sit|of_c|of_n|of_p|br_ac|inter
0|100|20|49|1790|987|526|4950|
1|110|70|54|5215|2953|1577|5995|
2|121|108|67|7182|4221|2464|7260|
3|133|130|70|8775|5336|3321|8778|
4|146|145|68|10585|5993|3486|10585|
5|160|160|77|12720|7266|4095|12720|
6|176|176|85|15400|8487|4656|15400|
7|193|193|100|18528|9915|5253|18528|
8|212|212|108|22366|12804|7381|22366|
9|233|233|113|27028|16212|9730|27028|
10|256|256|112|32640|18775|10878|32640|
11|281|281|126|39340|23870|14535|39340|
12|309|309|128|47586|29701|18528|47586|
13|339|339|152|57291|35202|21528|57291|
14|372|372|159|69006|42113|25651|69006|
15|409|409|156|83436|51326|31626|83436|
16|449|449|168|100576|63218|39621|100576|
17|493|493|190|121278|76377|48205|121278|
18|542|542|204|146611|93549|59685|146611|
19|596|596|240|177310|116258|76245|177310|
20|655|655|261|214185|136439|86736|214185|
21|720|720|275|258840|164077|103740|258840|
22|792|792|306|313236|195704|122265|313236|
23|871|871|334|378885|236470|147696|378885|
24|958|958|364|458403|284234|175528|458403|
25|1053|1053|392|553878|339450|207690|553878|
26|1158|1158|411|669903|413344|255255|669903|
27|1273|1273|437|809628|513295|325221|809628|
28|1400|1400|457|979300|611392|381501|979300|
29|1540|1540|499|1185030|753905|478731|1185030|
30|1694|1694|517|1433971|903994|569778|1433971|
31|1863|1863|561|1734453|1106836|705078|1734453|
32|2049|2049|617|2098176|1334034|848253|2098176|
33|2253|2253|697|2536878|1593648|1003236|2536878|
34|2478|2478|764|3069003|1921560|1203576|3069003|
35|2725|2725|833|3711450|2313332|1440753|3711450|
36|2997|2997|871|4489506|2773146|1714026|4489506|
37|3296|3296|938|5430160|3340999|2055378|5430160|
38|3625|3625|1022|6568500|4006697|2443155|6568500|
39|3987|3987|1099|7946091|4848230|2956096|7946091|
