time|pop|pol|cri|sit|of_c|of_n|of_p|br_ac|inter
0|100|15|48|1380|731|426|4950|
1|110|61|43|4819|2547|1494|5995|
2|121|111|36|7215|4229|2318|7260|
3|133|130|38|8775|5068|2849|8778|
4|146|145|45|10585|5976|3321|10585|
5|160|160|46|12720|7500|4465|12720|
6|176|176|49|15400|9146|5460|15400|
7|193|193|48|18528|11031|6555|18528|
8|212|212|58|22366|12844|7260|22366|
9|233|233|69|27028|15623|9045|27028|
10|256|256|77|32640|18647|10731|32640|
11|281|281|92|39340|23135|13530|39340|
12|309|309|90|47586|28793|17391|47586|
13|339|339|114|57291|32236|18145|57291|
14|372|372|121|69006|39464|22578|69006|
15|409|409|137|83436|49641|29403|83436|
16|449|449|158|100576|61867|37950|100576|
17|493|493|185|121278|72931|43956|121278|
18|542|542|214|146611|82147|46056|146611|
19|596|596|244|177310|101943|58653|177310|
20|655|655|261|214185|123715|71253|214185|
21|720|720|281|258840|150806|87571|258840|
22|792|792|292|313236|186577|111156|313236|
23|871|871|308|378885|227460|137026|378885|
24|958|958|340|458403|278278|169071|458403|
25|1053|1053|347|553878|334202|201295|553878|
26|1158|1158|389|669903|416884|258840|669903|
27|1273|1273|417|809628|517122|330891|809628|
28|1400|1400|461|979300|630664|405450|979300|
29|1540|1540|496|1185030|742800|465130|1185030|
30|1694|1694|537|1433971|906411|574056|1433971|
31|1863|1863|592|1734453|1095843|692076|1734453|
32|2049|2049|656|2098176|1303861|808356|2098176|
33|2253|2253|726|2536878|1577502|980700|2536878|
34|2478|2478|818|3069003|1930291|1214461|3069003|
35|2725|2725|906|3711450|2322386|1452660|3711450|
36|2997|2997|1020|4489506|2831312|1785105|4489506|
