time|pop|pol|cri|sit|of_c|of_n|of_p|br_ac|inter
0|100|6|14|579|317|105|4950|
1|76|18|19|1197|638|210|2850|
2|72|31|20|1736|988|378|2556|
3|79|40|23|2340|1508|900|3081|
4|86|53|29|3127|2701|2121|3655|
5|94|61|32|3843|3678|3300|4371|
6|92|60|29|3690|3542|3245|4186|
7|90|60|28|3570|3427|3135|4005|
8|91|60|28|3630|3483|3190|4095|
9|90|60|28|3570|3403|3135|4005|
10|91|60|27|3630|3482|3190|4095|
11|92|60|27|3690|3549|3245|4186|
12|90|60|27|3570|3422|3135|4005|
13|85|58|27|3219|3142|2970|3570|
14|80|58|27|2929|2832|2695|3160|
15|75|55|27|2585|2585|2585|2775|
16|71|55|27|2365|2365|2365|2485|
17|66|55|27|2090|2090|2090|2145|
18|64|55|27|1980|1980|1980|2016|
19|62|55|27|1870|1870|1870|1891|
20|61|55|27|1815|1815|1815|1830|
21|61|55|27|1815|1815|1815|1830|
22|61|55|27|1815|1815|1815|1830|
23|60|55|27|1760|1760|1760|1770|
24|61|55|27|1815|1815|1815|1830|
25|60|55|27|1760|1760|1760|1770|
26|60|55|27|1760|1760|1760|1770|
27|60|55|27|1760|1760|1760|1770|
28|59|55|27|1705|1705|1705|1711|
29|59|55|27|1705|1705|1705|1711|
30|59|55|27|1705|1705|1705|1711|
31|59|55|27|1705|1705|1705|1711|
32|59|55|27|1705|1705|1705|1711|
33|59|55|27|1705|1705|1705|1711|
34|58|55|27|1650|1650|1650|1653|
35|57|55|27|1595|1595|1595|1596|
36|57|55|27|1595|1595|1595|1596|
37|57|55|27|1595|1595|1595|1596|
38|57|55|27|1595|1595|1595|1596|
39|57|55|27|1595|1595|1595|1596|
