time|pop|pol|cri|sit|of_c|of_n|of_p|br_ac|inter
0|100|15|12|1380|751|248|4950|
1|110|37|15|3367|1800|485|5995|
2|121|53|18|4982|2346|783|7260|
3|133|76|21|7182|3963|2028|8778|
4|146|97|27|9409|6971|5256|10585|
5|160|114|32|11685|9538|8183|12720|
6|176|131|35|14410|13318|12383|15400|
7|193|147|38|17493|16414|15610|18528|
8|175|140|35|14630|14210|14210|15225|
9|167|140|34|13510|13510|13510|13861|
10|163|140|34|12950|12950|12950|13203|
11|158|140|34|12250|12250|12250|12403|
12|155|140|32|11830|11830|11830|11935|
13|154|140|32|11690|11690|11690|11781|
14|151|140|32|11270|11270|11270|11325|
15|148|140|32|10850|10850|10850|10878|
16|147|140|32|10710|10710|10710|10731|
17|146|140|32|10570|10570|10570|10585|
18|146|140|32|10570|10570|10570|10585|
19|144|140|32|10290|10290|10290|10296|
20|144|140|32|10290|10290|10290|10296|
21|144|140|32|10290|10290|10290|10296|
22|144|140|32|10290|10290|10290|10296|
23|144|140|32|10290|10290|10290|10296|
24|144|140|32|10290|10290|10290|10296|
25|144|140|32|10290|10290|10290|10296|
26|144|140|32|10290|10290|10290|10296|
27|144|140|32|10290|10290|10290|10296|
28|144|140|32|10290|10290|10290|10296|
29|144|140|32|10290|10290|10290|10296|
30|144|140|32|10290|10290|10290|10296|
31|144|140|32|10290|10290|10290|10296|
32|144|140|32|10290|10290|10290|10296|
33|144|140|32|10290|10290|10290|10296|
34|144|140|32|10290|10290|10290|10296|
35|144|140|32|10290|10290|10290|10296|
36|143|140|32|10150|10150|10150|10153|
37|143|140|32|10150|10150|10150|10153|
38|143|140|32|10150|10150|10150|10153|
39|143|140|32|10150|10150|10150|10153|
