time|pop|pol|cri|sit|of_c|of_n|of_p|br_ac|inter
0|100|7|6|672|397|226|4950|
1|110|26|10|2509|1514|870|5995|
2|111|48|11|4152|2467|1545|6105|
3|122|75|5|6300|4826|3776|7381|
4|134|100|2|8350|7322|6497|8911|
5|122|92|4|6946|6812|6586|7381|
6|122|89|2|6853|6853|6853|7381|
7|122|89|2|6853|6853|6853|7381|
8|126|89|2|7209|7209|7209|7875|
9|128|89|1|7387|7387|7387|8128|
10|130|89|2|7565|7565|7565|8385|
11|130|89|1|7565|7565|7565|8385|
12|129|89|1|7476|7476|7476|8256|
13|127|89|0|7298|7298|7298|8001|
14|128|89|0|7387|7387|7387|8128|
15|127|89|0|7298|7298|7298|8001|
16|125|89|0|7120|7120|7120|7750|
17|129|89|0|7476|7476|7476|8256|
18|132|89|0|7743|7743|7743|8646|
19|130|89|0|7565|7565|7565|8385|
20|132|89|0|7743|7743|7743|8646|
21|134|89|0|7921|7921|7921|8911|
22|135|89|0|8010|8010|8010|9045|
23|136|89|0|8099|8099|8099|9180|
24|137|89|0|8188|8188|8188|9316|
25|138|89|0|8277|8277|8277|9453|
26|141|89|0|8544|8544|8544|9870|
27|144|89|0|8811|8811|8811|10296|
28|147|89|0|9078|9078|9078|10731|
29|147|89|0|9078|9078|9078|10731|
30|148|89|0|9167|9167|9167|10878|
31|152|89|0|9523|9523|9523|11476|
32|154|89|0|9701|9701|9701|11781|
33|133|89|0|7832|7832|7832|8778|
34|121|89|0|6764|6764|6764|7260|
35|110|89|0|5785|5785|5785|5995|
36|104|89|0|5251|5251|5251|5356|
37|100|89|0|4895|4895|4895|4950|
38|98|89|0|4717|4717|4717|4753|
39|96|89|0|4539|4539|4539|4560|
