time|pop|pol|cri|sit|of_c|of_n|of_p|br_ac|inter
0|100|8|11|764|332|254|4950|
1|110|25|17|2425|1133|945|5995|
2|117|59|22|5133|3418|2958|6786|
3|128|86|21|7267|5682|5346|8128|
4|140|107|20|9202|8230|8085|9730|
5|154|126|24|11403|11025|11025|11781|
6|169|141|23|13818|13395|13395|14196|
7|185|160|22|16720|16240|16240|17020|
8|203|178|26|20203|19847|19847|20503|
9|223|193|39|24318|24318|24318|24753|
10|245|218|38|29539|29539|29539|29890|
11|269|246|37|35793|35793|35793|36046|
12|295|267|44|42987|42987|42987|43365|
13|324|291|44|51798|51798|51798|52326|
14|338|291|49|55872|55872|55872|56953|
15|350|291|52|59364|59364|59364|61075|
16|344|291|51|57618|57618|57618|58996|
17|334|291|49|54708|54708|54708|55611|
18|320|291|41|50634|50634|50634|51040|
19|315|291|42|49179|49179|49179|49455|
20|309|291|40|47433|47433|47433|47586|
21|304|291|41|45978|45978|45978|46056|
22|301|291|37|45105|45105|45105|45150|
23|300|291|36|44814|44814|44814|44850|
24|300|291|36|44814|44814|44814|44850|
25|299|291|36|44523|44523|44523|44551|
26|298|291|35|44232|44232|44232|44253|
27|296|291|34|43650|43650|43650|43660|
28|295|291|34|43359|43359|43359|43365|
29|295|291|34|43359|43359|43359|43365|
30|295|291|34|43359|43359|43359|43365|
31|294|291|34|43068|43068|43068|43071|
32|294|291|34|43068|43068|43068|43071|
33|294|291|34|43068|43068|43068|43071|
34|294|291|34|43068|43068|43068|43071|
35|294|291|34|43068|43068|43068|43071|
36|293|291|34|42777|42777|42777|42778|
37|293|291|34|42777|42777|42777|42778|
38|293|291|34|42777|42777|42777|42778|
39|293|291|34|42777|42777|42777|42778|
