time|pop|pol|cri|sit|of_c|of_n|of_p|br_ac|inter
0|100|12|13|1122|624|416|4950|
1|110|32|16|2992|1765|1155|5995|
2|121|60|17|5430|3186|2385|7260|
3|133|80|14|7400|5237|4585|8778|
4|146|107|13|9844|7695|7128|10585|
5|160|131|19|12314|11190|10602|12720|
6|176|151|16|15100|14199|13818|15400|
7|178|147|23|15288|14847|14847|15753|
8|180|147|24|15582|15582|15582|16110|
9|187|147|20|16611|16611|16611|17391|
10|196|147|22|17934|17934|17934|19110|
11|212|147|25|20286|20286|20286|22366|
12|204|147|25|19110|19110|19110|20706|
13|199|147|21|18375|18375|18375|19701|
14|191|147|16|17199|17199|17199|18145|
15|184|147|16|16170|16170|16170|16836|
16|179|147|15|15435|15435|15435|15931|
17|176|147|16|14994|14994|14994|15400|
18|172|147|17|14406|14406|14406|14706|
19|167|147|17|13671|13671|13671|13861|
20|168|147|17|13818|13818|13818|14028|
21|166|147|20|13524|13524|13524|13695|
22|164|147|17|13230|13230|13230|13366|
23|163|147|17|13083|13083|13083|13203|
24|162|147|17|12936|12936|12936|13041|
25|159|147|13|12495|12495|12495|12561|
26|159|147|14|12495|12495|12495|12561|
27|158|147|13|12348|12348|12348|12403|
28|157|147|12|12201|12201|12201|12246|
29|155|147|12|11907|11907|11907|11935|
30|155|147|12|11907|11907|11907|11935|
31|155|147|12|11907|11907|11907|11935|
32|156|147|12|12054|12054|12054|12090|
33|155|147|11|11907|11907|11907|11935|
34|155|147|11|11907|11907|11907|11935|
35|154|147|11|11760|11760|11760|11781|
36|154|147|11|11760|11760|11760|11781|
37|153|147|11|11613|11613|11613|11628|
38|153|147|11|11613|11613|11613|11628|
39|153|147|11|11613|11613|11613|11628|
