time|pop|pol|cri|sit|of_c|of_n|of_p|br_ac|inter
0|100|14|5|1295|635|363|4950|
1|110|35|6|3220|1824|1092|5995|
2|121|64|3|5664|2839|1602|7260|
3|133|79|4|7347|4669|3481|8778|
4|146|107|3|9844|7370|6417|10585|
5|160|138|3|12489|10880|10033|12720|
6|176|157|2|15229|14289|13741|15400|
7|193|178|1|18423|17981|17675|18528|
8|212|197|1|22261|21748|21437|22366|
9|233|217|1|26908|26800|26676|27028|
10|256|233|2|32387|32274|32132|32640|
11|268|232|1|35148|35148|35148|35778|
12|290|232|2|40252|40252|40252|41905|
13|311|232|6|45124|45124|45124|48205|
14|313|232|4|45588|45588|45588|48828|
15|290|232|1|40252|40252|40252|41905|
16|274|232|2|36540|36540|36540|37401|
17|262|232|1|33756|33756|33756|34191|
18|257|232|1|32596|32596|32596|32896|
19|249|232|0|30740|30740|30740|30876|
20|244|232|0|29580|29580|29580|29646|
21|241|232|0|28884|28884|28884|28920|
22|239|232|0|28420|28420|28420|28441|
23|238|232|0|28188|28188|28188|28203|
24|237|232|0|27956|27956|27956|27966|
25|237|232|0|27956|27956|27956|27966|
26|237|232|0|27956|27956|27956|27966|
27|236|232|0|27724|27724|27724|27730|
28|236|232|0|27724|27724|27724|27730|
29|236|232|0|27724|27724|27724|27730|
30|235|232|0|27492|27492|27492|27495|
31|235|232|0|27492|27492|27492|27495|
32|235|232|0|27492|27492|27492|27495|
33|235|232|0|27492|27492|27492|27495|
34|234|232|0|27260|27260|27260|27261|
35|234|232|0|27260|27260|27260|27261|
36|234|232|0|27260|27260|27260|27261|
37|234|232|0|27260|27260|27260|27261|
38|234|232|0|27260|27260|27260|27261|
39|234|232|0|27260|27260|27260|27261|
