time|pop|pol|cri|sit|of_c|of_n|of_p|br_ac|inter
0|100|8|10|764|326|205|4950|
1|110|25|9|2425|1254|850|5995|
2|121|60|5|5430|3080|2369|7260|
3|133|95|1|8075|5875|5043|8778|
4|146|118|0|10207|8698|8085|10585|
5|160|139|0|12510|11962|11610|12720|
6|161|136|0|12580|12241|12150|12880|
7|164|135|0|12960|12690|12690|13366|
8|169|135|0|13635|13500|13500|14196|
9|181|135|0|15255|14850|14850|16290|
10|188|135|0|16200|15930|15930|17578|
11|204|135|0|18360|17955|17955|20706|
12|191|135|0|16605|15930|15930|18145|
13|176|135|0|14580|14040|14040|15400|
14|160|135|0|12420|12150|12150|12720|
15|153|135|0|11475|11475|11475|11628|
16|148|135|0|10800|10800|10800|10878|
17|145|135|0|10395|10395|10395|10440|
18|144|135|0|10260|10260|10260|10296|
19|143|135|0|10125|10125|10125|10153|
20|141|135|0|9855|9855|9855|9870|
21|140|135|0|9720|9720|9720|9730|
22|139|135|0|9585|9585|9585|9591|
23|139|135|0|9585|9585|9585|9591|
24|139|135|0|9585|9585|9585|9591|
25|139|135|0|9585|9585|9585|9591|
26|139|135|0|9585|9585|9585|9591|
27|139|135|0|9585|9585|9585|9591|
28|139|135|0|9585|9585|9585|9591|
29|138|135|0|9450|9450|9450|9453|
30|138|135|0|9450|9450|9450|9453|
31|138|135|0|9450|9450|9450|9453|
32|138|135|0|9450|9450|9450|9453|
33|138|135|0|9450|9450|9450|9453|
34|138|135|0|9450|9450|9450|9453|
35|138|135|0|9450|9450|9450|9453|
36|138|135|0|9450|9450|9450|9453|
37|138|135|0|9450|9450|9450|9453|
38|138|135|0|9450|9450|9450|9453|
39|138|135|0|9450|9450|9450|9453|
