time|pop|pol|cri|sit|of_c|of_n|of_p|br_ac|inter
0|100|8|7|764|426|208|4950|
1|110|25|4|2425|1405|728|5995|
2|121|50|4|4775|2980|1547|7260|
3|123|76|4|6422|4759|3250|7503|
4|135|101|3|8484|7124|5640|9045|
5|111|80|5|5640|5560|5560|6105|
6|103|80|4|5000|5000|5000|5253|
7|98|80|5|4600|4600|4600|4753|
8|94|80|3|4280|4280|4280|4371|
9|91|80|4|4040|4040|4040|4095|
10|89|80|2|3880|3880|3880|3916|
11|89|80|1|3880|3880|3880|3916|
12|89|80|1|3880|3880|3880|3916|
13|88|80|1|3800|3800|3800|3828|
14|87|80|0|3720|3720|3720|3741|
15|86|80|0|3640|3640|3640|3655|
16|85|80|0|3560|3560|3560|3570|
17|85|80|0|3560|3560|3560|3570|
18|84|80|0|3480|3480|3480|3486|
19|83|80|0|3400|3400|3400|3403|
20|83|80|0|3400|3400|3400|3403|
21|83|80|0|3400|3400|3400|3403|
22|82|80|0|3320|3320|3320|3321|
23|82|80|0|3320|3320|3320|3321|
24|82|80|0|3320|3320|3320|3321|
25|82|80|0|3320|3320|3320|3321|
26|82|80|0|3320|3320|3320|3321|
27|82|80|0|3320|3320|3320|3321|
28|82|80|0|3320|3320|3320|3321|
29|82|80|0|3320|3320|3320|3321|
30|82|80|0|3320|3320|3320|3321|
31|82|80|0|3320|3320|3320|3321|
32|82|80|0|3320|3320|3320|3321|
33|82|80|0|3320|3320|3320|3321|
34|82|80|0|3320|3320|3320|3321|
35|82|80|0|3320|3320|3320|3321|
36|82|80|0|3320|3320|3320|3321|
37|82|80|0|3320|3320|3320|3321|
38|82|80|0|3320|3320|3320|3321|
39|82|80|0|3320|3320|3320|3321|
