time|pop|pol|cri|sit|br_off|br_ac|inter
0|100|13|24|1209|568|296|4950|
1|110|24|29|2340|1325|654|5995|
2|121|39|26|3939|2521|1548|7260|
3|133|65|30|6500|4156|2880|8778|
4|142|78|36|7995|5816|4321|10011|
5|156|108|38|10962|9105|7774|12090|
6|167|104|46|11908|10543|9338|13861|
7|183|112|50|14168|13073|11650|16653|
8|201|137|58|18084|17623|16705|20100|
9|221|153|68|22032|21819|21375|24310|
10|243|153|80|25398|25190|24675|29403|
11|267|153|93|29070|28823|28275|35511|
12|272|153|93|29835|29632|29025|36856|
13|262|153|88|28305|28091|27525|34191|
14|260|151|89|27784|27701|27525|33670|
15|249|150|82|26025|26025|26025|30876|
16|250|150|82|26175|26175|26175|31125|
17|236|150|78|24075|24075|24075|27730|
18|221|150|72|21825|21825|21825|24310|
19|208|150|61|19875|19875|19875|21528|
20|201|150|53|18825|18825|18825|20100|
21|195|150|46|17925|17925|17925|18915|
22|188|150|48|16875|16875|16875|17578|
23|182|150|45|15975|15975|15975|16471|
24|179|150|40|15525|15525|15525|15931|
25|177|150|38|15225|15225|15225|15576|
26|174|150|37|14775|14775|14775|15051|
27|172|150|36|14475|14475|14475|14706|
28|169|150|35|14025|14025|14025|14196|
29|166|150|36|13575|13575|13575|13695|
30|164|150|34|13275|13275|13275|13366|
31|163|150|33|13125|13125|13125|13203|
32|162|150|32|12975|12975|12975|13041|
33|161|150|32|12825|12825|12825|12880|
34|161|150|32|12825|12825|12825|12880|
35|160|150|32|12675|12675|12675|12720|
36|160|150|32|12675|12675|12675|12720|
37|160|150|32|12675|12675|12675|12720|
38|160|150|32|12675|12675|12675|12720|
39|160|150|33|12675|12675|12675|12720|
40|159|150|33|12525|12525|12525|12561|
41|159|150|33|12525|12525|12525|12561|
42|160|150|34|12675|12675|12675|12720|
43|158|150|33|12375|12375|12375|12403|
44|157|150|32|12225|12225|12225|12246|
45|157|150|32|12225|12225|12225|12246|
