time|pop|pol|cri|sit|br_off|br_ac|inter
0|100|12|20|1122|548|273|4950|
1|110|27|25|2592|1487|825|5995|
2|121|41|35|4100|2322|1582|7260|
3|133|63|32|6363|4051|2880|8778|
4|146|89|18|8989|6328|5183|10585|
5|160|105|18|11235|9233|8536|12720|
6|176|126|25|14175|12794|12180|15400|
7|193|147|26|17493|17121|16776|18528|
8|212|163|31|21190|20526|20286|22366|
9|233|164|40|24682|24433|24287|27028|
10|256|158|49|27887|27648|27475|32640|
11|281|193|55|35512|35512|35512|39340|
12|309|187|75|40205|40205|40205|47586|
13|330|187|85|44132|44132|44132|54285|
14|332|187|85|44506|44506|44506|54946|
15|342|187|89|46376|46376|46376|58311|
16|335|187|89|45067|45067|45067|55945|
17|330|187|78|44132|44132|44132|54285|
18|320|187|76|42262|42262|42262|51040|
19|312|187|78|40766|40766|40766|48516|
20|312|187|79|40766|40766|40766|48516|
21|302|187|81|38896|38896|38896|45451|
22|302|187|82|38896|38896|38896|45451|
23|301|187|85|38709|38709|38709|45150|
24|296|187|82|37774|37774|37774|43660|
25|292|187|80|37026|37026|37026|42486|
26|280|187|69|34782|34782|34782|39060|
27|271|187|66|33099|33099|33099|36585|
28|264|187|57|31790|31790|31790|34716|
29|254|187|56|29920|29920|29920|32131|
30|246|187|50|28424|28424|28424|30135|
31|239|187|48|27115|27115|27115|28441|
32|229|187|40|25245|25245|25245|26106|
33|223|187|37|24123|24123|24123|24753|
34|217|187|31|23001|23001|23001|23436|
35|215|187|29|22627|22627|22627|23005|
36|213|187|30|22253|22253|22253|22578|
37|213|187|30|22253|22253|22253|22578|
38|209|187|27|21505|21505|21505|21736|
39|206|187|26|20944|20944|20944|21115|
40|206|187|27|20944|20944|20944|21115|
41|202|187|24|20196|20196|20196|20301|
42|199|187|22|19635|19635|19635|19701|
43|198|187|21|19448|19448|19448|19503|
44|198|187|21|19448|19448|19448|19503|
45|198|187|21|19448|19448|19448|19503|
