time|pop|pol|cri|sit|br_off|br_ac|inter
0|100|10|19|945|455|268|4950|
1|110|23|23|2254|1186|824|5995|
2|114|44|25|4026|2666|1936|6441|
3|125|62|32|5797|4345|3197|7750|
4|137|74|33|7363|6360|5590|9316|
5|150|89|39|9345|8884|8159|11175|
6|165|94|32|11045|10872|10395|13530|
7|157|94|32|10293|10107|9675|12246|
8|152|90|32|9585|9585|9585|11476|
9|146|90|32|9045|9045|9045|10585|
10|141|90|31|8595|8595|8595|9870|
11|136|90|31|8145|8145|8145|9180|
12|132|90|31|7785|7785|7785|8646|
13|128|90|31|7425|7425|7425|8128|
14|128|90|31|7425|7425|7425|8128|
15|123|90|31|6975|6975|6975|7503|
16|118|90|31|6525|6525|6525|6903|
17|117|90|31|6435|6435|6435|6786|
18|115|90|31|6255|6255|6255|6555|
19|114|90|31|6165|6165|6165|6441|
20|112|90|31|5985|5985|5985|6216|
21|112|90|31|5985|5985|5985|6216|
22|111|90|31|5895|5895|5895|6105|
23|110|90|31|5805|5805|5805|5995|
24|111|90|31|5895|5895|5895|6105|
25|112|90|31|5985|5985|5985|6216|
26|109|90|31|5715|5715|5715|5886|
27|109|90|31|5715|5715|5715|5886|
28|107|90|31|5535|5535|5535|5671|
29|106|90|31|5445|5445|5445|5565|
30|104|90|31|5265|5265|5265|5356|
31|104|90|31|5265|5265|5265|5356|
32|103|90|31|5175|5175|5175|5253|
33|103|90|31|5175|5175|5175|5253|
34|103|90|31|5175|5175|5175|5253|
35|101|90|31|4995|4995|4995|5050|
36|100|90|31|4905|4905|4905|4950|
37|100|90|31|4905|4905|4905|4950|
38|99|90|31|4815|4815|4815|4851|
39|99|90|31|4815|4815|4815|4851|
40|99|90|31|4815|4815|4815|4851|
41|100|90|31|4905|4905|4905|4950|
42|99|90|31|4815|4815|4815|4851|
43|100|90|31|4905|4905|4905|4950|
44|100|90|31|4905|4905|4905|4950|
45|101|90|31|4995|4995|4995|5050|
