time|pop|pol|cri|sit|br_off|br_ac|inter
0|100|4|16|390|196|48|4950|
1|110|9|18|945|417|46|5995|
2|121|23|19|2507|1019|132|7260|
3|133|37|15|4218|1916|309|8778|
4|146|50|11|6025|3308|726|10585|
5|160|58|11|7569|4528|1638|12720|
6|176|76|5|10450|7447|4095|15400|
7|193|83|4|12533|9639|6699|18528|
8|212|101|2|16261|13635|11029|22366|
9|199|101|2|14948|13073|10619|19701|
10|192|101|3|14241|12703|10291|18336|
11|186|101|3|13635|12470|10127|17205|
12|188|101|2|13837|12604|10209|17578|
13|184|101|2|13433|12281|9963|16836|
14|187|101|2|13736|12686|10291|17391|
15|192|101|2|14241|13182|10701|18336|
16|193|101|2|14342|13321|10783|18528|
17|198|101|1|14847|13824|11193|19503|
18|205|101|1|15554|14610|11849|20910|
19|204|101|3|15453|14495|11767|20706|
20|214|101|2|16463|15516|12587|22791|
21|219|101|2|16968|16031|12997|23871|
22|214|101|1|16463|15535|12587|22791|
23|209|101|0|15958|15023|12177|21736|
24|201|101|0|15150|14193|11521|20100|
25|195|101|0|14544|13639|11029|18915|
26|189|101|0|13938|12982|10537|17766|
27|181|100|0|13050|12175|9963|16290|
28|160|89|0|10235|9944|9143|12720|
29|140|82|0|8077|8077|8077|9730|
30|122|82|0|6601|6601|6601|7381|
31|114|82|0|5945|5945|5945|6441|
32|109|82|0|5535|5535|5535|5886|
33|103|82|0|5043|5043|5043|5253|
34|100|82|0|4797|4797|4797|4950|
35|98|82|0|4633|4633|4633|4753|
36|95|82|0|4387|4387|4387|4465|
37|93|82|0|4223|4223|4223|4278|
38|90|81|0|3969|3969|3969|4005|
39|81|73|0|3212|3212|3212|3240|
40|12|6|0|51|51|51|66|
