time|pop|pol|cri|sit|br_off|br_ac|inter
0|100|14|20|1295|641|251|4950|
1|110|33|15|3069|1781|749|5995|
2|121|43|18|4257|2703|1302|7260|
3|133|65|15|6500|4710|2808|8778|
4|146|75|13|8100|6395|4675|10585|
5|160|76|17|9234|7589|6500|12720|
6|176|89|19|11659|10370|9786|15400|
7|193|131|27|16637|15830|15183|18528|
8|209|131|27|18733|18122|17451|21736|
9|229|131|27|21353|20777|19971|26106|
10|249|131|27|23973|23502|22617|30876|
11|237|131|27|22401|22071|21231|27966|
12|226|129|27|20769|20586|20097|25425|
13|213|126|27|18837|18837|18837|22578|
14|200|126|27|17199|17199|17199|19900|
15|190|126|27|15939|15939|15939|17955|
16|180|126|27|14679|14679|14679|16110|
17|169|126|27|13293|13293|13293|14196|
18|160|126|27|12159|12159|12159|12720|
19|157|126|27|11781|11781|11781|12246|
20|152|126|27|11151|11151|11151|11476|
21|148|126|27|10647|10647|10647|10878|
22|147|126|27|10521|10521|10521|10731|
23|145|126|27|10269|10269|10269|10440|
24|146|126|27|10395|10395|10395|10585|
25|142|126|27|9891|9891|9891|10011|
26|142|126|27|9891|9891|9891|10011|
27|141|126|27|9765|9765|9765|9870|
28|141|126|27|9765|9765|9765|9870|
29|141|126|27|9765|9765|9765|9870|
30|140|126|27|9639|9639|9639|9730|
31|140|126|27|9639|9639|9639|9730|
32|138|126|27|9387|9387|9387|9453|
33|136|126|27|9135|9135|9135|9180|
34|135|126|27|9009|9009|9009|9045|
35|135|126|27|9009|9009|9009|9045|
36|135|126|27|9009|9009|9009|9045|
37|135|126|27|9009|9009|9009|9045|
38|134|126|27|8883|8883|8883|8911|
39|133|126|27|8757|8757|8757|8778|
40|133|126|27|8757|8757|8757|8778|
41|132|126|27|8631|8631|8631|8646|
42|132|126|27|8631|8631|8631|8646|
43|132|126|27|8631|8631|8631|8646|
44|131|126|27|8505|8505|8505|8515|
45|131|126|27|8505|8505|8505|8515|
