time|pop|pol|cri|sit|br_off|br_ac|inter
0|100|7|17|672|359|252|4950|
1|110|18|18|1809|972|641|5995|
2|121|38|18|3857|2257|1666|7260|
3|133|61|21|6222|4178|3288|8778|
4|146|82|24|8569|7052|6106|10585|
5|160|98|25|10829|10147|9522|12720|
6|176|116|33|13630|13180|12485|15400|
7|165|110|33|12045|11825|11825|13530|
8|160|110|32|11495|11385|11385|12720|
9|155|110|30|10945|10835|10835|11935|
10|150|110|32|10395|10395|10395|11175|
11|150|110|33|10395|10395|10395|11175|
12|147|110|34|10065|10065|10065|10731|
13|148|110|33|10175|10175|10175|10878|
14|144|110|34|9735|9735|9735|10296|
15|144|110|33|9735|9735|9735|10296|
16|138|110|32|9075|9075|9075|9453|
17|135|110|32|8745|8745|8745|9045|
18|133|110|32|8525|8525|8525|8778|
19|129|110|29|8085|8085|8085|8256|
20|129|110|29|8085|8085|8085|8256|
21|128|110|28|7975|7975|7975|8128|
22|128|110|29|7975|7975|7975|8128|
23|128|110|29|7975|7975|7975|8128|
24|129|110|30|8085|8085|8085|8256|
25|129|110|30|8085|8085|8085|8256|
26|129|110|29|8085|8085|8085|8256|
27|128|110|29|7975|7975|7975|8128|
28|127|110|29|7865|7865|7865|8001|
29|127|110|29|7865|7865|7865|8001|
30|126|110|29|7755|7755|7755|7875|
31|126|110|28|7755|7755|7755|7875|
32|127|110|28|7865|7865|7865|8001|
33|127|110|28|7865|7865|7865|8001|
34|128|110|28|7975|7975|7975|8128|
35|129|110|28|8085|8085|8085|8256|
36|130|110|28|8195|8195|8195|8385|
37|129|110|28|8085|8085|8085|8256|
38|130|110|28|8195|8195|8195|8385|
39|128|110|28|7975|7975|7975|8128|
40|129|110|28|8085|8085|8085|8256|
41|129|110|27|8085|8085|8085|8256|
42|129|110|27|8085|8085|8085|8256|
43|129|110|27|8085|8085|8085|8256|
44|128|110|27|7975|7975|7975|8128|
45|129|110|27|8085|8085|8085|8256|
