time|pop|pol|cri|sit|br_off|br_ac|inter
0|100|10|22|945|420|252|4950|
1|110|18|21|1809|934|515|5995|
2|121|36|19|3690|2062|1197|7260|
3|133|60|15|6150|3578|1904|8778|
4|146|72|12|7884|5181|3528|10585|
5|160|90|13|10305|8530|7182|12720|
6|176|114|13|13509|12040|10761|15400|
7|193|126|11|16317|15431|14945|18528|
8|212|149|10|20413|19759|19345|22366|
9|233|166|13|24817|23994|23698|27028|
10|256|164|16|28454|26663|26325|32640|
11|272|164|21|31078|30429|30051|36856|
12|268|162|20|30213|29727|29727|35778|
13|267|162|18|30051|29727|29727|35511|
14|266|162|22|29889|29727|29727|35245|
15|267|162|19|30051|29727|29727|35511|
16|266|162|13|29889|29403|29403|35245|
17|263|162|10|29403|29079|29079|34453|
18|263|162|10|29403|28917|28917|34453|
19|258|162|8|28593|28431|28431|33153|
20|260|162|11|28917|28593|28593|33670|
21|232|162|9|24381|24381|24381|26796|
22|214|162|7|21465|21465|21465|22791|
23|202|162|4|19521|19521|19521|20301|
24|197|162|1|18711|18711|18711|19306|
25|188|162|0|17253|17253|17253|17578|
26|181|162|0|16119|16119|16119|16290|
27|177|161|0|15456|15456|15456|15576|
28|173|160|0|14800|14800|14800|14878|
29|162|151|0|12986|12986|12986|13041|
30|37|29|0|638|638|638|666|
