time|pop|pol|cri|sit|br_off|br_ac|inter
0|100|14|16|1295|603|293|4950|
1|110|32|11|2992|1528|760|5995|
2|121|43|12|4257|2324|1458|7260|
3|133|60|9|6150|3986|2660|8778|
4|146|82|2|8569|6731|5002|10585|
5|160|99|2|10890|9974|8585|12720|
6|176|97|5|12319|11514|9954|15400|
7|193|102|7|14433|13826|12195|18528|
8|212|127|6|18796|18166|16731|22366|
9|233|123|12|21033|20438|18758|27028|
10|241|123|17|22017|21372|19662|28920|
11|225|123|17|20049|19424|17854|25200|
12|215|121|14|18634|18141|16950|23005|
13|201|114|13|16359|16294|16159|20100|
14|187|113|10|14690|14690|14690|17391|
15|172|113|12|12995|12995|12995|14706|
16|158|113|9|11413|11413|11413|12403|
17|150|113|7|10509|10509|10509|11175|
18|146|113|6|10057|10057|10057|10585|
19|137|113|4|9040|9040|9040|9316|
20|134|113|4|8701|8701|8701|8911|
21|130|113|5|8249|8249|8249|8385|
22|128|113|3|8023|8023|8023|8128|
23|126|113|2|7797|7797|7797|7875|
24|126|113|2|7797|7797|7797|7875|
25|124|113|1|7571|7571|7571|7626|
26|122|113|1|7345|7345|7345|7381|
27|121|113|1|7232|7232|7232|7260|
28|120|113|1|7119|7119|7119|7140|
29|120|113|1|7119|7119|7119|7140|
30|120|113|1|7119|7119|7119|7140|
31|119|113|1|7006|7006|7006|7021|
32|119|113|1|7006|7006|7006|7021|
33|119|113|1|7006|7006|7006|7021|
34|119|113|1|7006|7006|7006|7021|
35|119|113|1|7006|7006|7006|7021|
36|118|113|0|6893|6893|6893|6903|
37|118|113|0|6893|6893|6893|6903|
38|118|113|0|6893|6893|6893|6903|
39|117|113|0|6780|6780|6780|6786|
40|117|113|0|6780|6780|6780|6786|
41|116|113|0|6667|6667|6667|6670|
42|116|113|0|6667|6667|6667|6670|
43|116|113|0|6667|6667|6667|6670|
44|116|113|0|6667|6667|6667|6670|
45|116|113|0|6667|6667|6667|6670|
