time|pop|pol|cri|sit|br_off|br_ac|inter
0|100|8|17|764|371|181|4950|
1|110|19|19|1900|1041|543|5995|
2|121|33|24|3432|2234|1485|7260|
3|133|54|28|5697|3976|3087|8778|
4|146|72|32|7884|5700|4977|10585|
5|160|94|32|10575|8125|7785|12720|
6|176|123|39|14022|12109|11820|15400|
7|193|144|50|17352|16132|16016|18528|
8|212|175|65|21700|21525|21525|22366|
9|233|175|68|25375|25200|25200|27028|
10|256|173|66|29237|28891|28891|32640|
11|272|173|64|32005|31659|31659|36856|
12|292|173|62|35465|35465|35465|42486|
13|319|173|62|40136|40136|40136|50721|
14|291|173|62|35292|35292|35292|42195|
15|271|173|61|31832|31832|31832|36585|
16|234|173|61|25431|25431|25431|27261|
17|217|173|61|22490|22490|22490|23436|
18|204|173|61|20241|20241|20241|20706|
19|187|167|59|17201|17201|17201|17391|
20|27|15|4|285|285|285|351|
