time|pop|pol|cri|sit|br_off|br_ac|inter
0|100|10|25|945|501|199|4950|
1|110|21|29|2079|1196|565|5995|
2|121|41|21|4100|2524|984|7260|
3|133|54|20|5697|4099|2114|8778|
4|146|62|20|7099|5778|3813|10585|
5|160|77|25|9317|8103|6195|12720|
6|176|102|31|12699|11659|10146|15400|
7|193|102|32|14433|13460|11748|18528|
8|185|102|29|13617|12662|11036|17020|
9|177|100|27|12650|11702|10413|15576|
10|161|92|24|10534|10126|9790|12880|
11|144|89|22|8811|8633|8633|10296|
12|132|89|20|7743|7743|7743|8646|
13|128|89|19|7387|7387|7387|8128|
14|119|89|19|6586|6586|6586|7021|
15|113|89|19|6052|6052|6052|6328|
16|109|89|19|5696|5696|5696|5886|
17|107|89|19|5518|5518|5518|5671|
18|105|89|19|5340|5340|5340|5460|
19|105|89|19|5340|5340|5340|5460|
20|105|89|19|5340|5340|5340|5460|
21|105|89|19|5340|5340|5340|5460|
22|101|89|19|4984|4984|4984|5050|
23|100|89|19|4895|4895|4895|4950|
24|100|89|19|4895|4895|4895|4950|
25|99|89|19|4806|4806|4806|4851|
26|98|89|19|4717|4717|4717|4753|
27|98|89|19|4717|4717|4717|4753|
28|97|89|19|4628|4628|4628|4656|
29|96|89|19|4539|4539|4539|4560|
30|94|89|19|4361|4361|4361|4371|
31|94|89|19|4361|4361|4361|4371|
32|94|89|19|4361|4361|4361|4371|
33|94|89|19|4361|4361|4361|4371|
34|94|89|19|4361|4361|4361|4371|
35|94|89|19|4361|4361|4361|4371|
36|94|89|19|4361|4361|4361|4371|
37|94|89|19|4361|4361|4361|4371|
38|94|89|19|4361|4361|4361|4371|
39|94|89|19|4361|4361|4361|4371|
40|94|89|19|4361|4361|4361|4371|
41|94|89|19|4361|4361|4361|4371|
42|94|89|19|4361|4361|4361|4371|
43|94|89|19|4361|4361|4361|4371|
44|94|89|19|4361|4361|4361|4371|
45|94|89|19|4361|4361|4361|4371|
