time|pop|pol|cri|sit|of_c|of_n|of_p|br_ac|inter
0|100|51|20|3774|2037|914|4950|
1|110|82|20|5617|3284|1640|5995|
2|121|101|19|7070|4479|2508|7260|
3|133|116|18|8642|5723|3283|8778|
4|146|131|21|10480|7490|4845|10585|
5|160|147|22|12642|9924|7425|12720|
6|176|165|26|15345|14042|12665|15400|
7|193|186|31|18507|17418|16269|18528|
8|212|205|36|22345|21126|19879|22366|
9|233|232|36|27028|26202|25425|27028|
10|256|256|37|32640|32124|31626|32640|
11|281|281|43|39340|38782|38226|39340|
12|309|309|53|47586|47423|47278|47586|
13|339|339|66|57291|57115|56953|57291|
14|372|372|75|69006|68824|68635|69006|
15|409|409|82|83436|83236|83028|83436|
16|449|449|90|100576|99911|99235|100576|
17|493|493|90|121278|120803|120295|121278|
18|542|542|94|146611|146611|146611|146611|
19|596|596|117|177310|177310|177310|177310|
20|655|655|125|214185|214185|214185|214185|
21|720|720|146|258840|258840|258840|258840|
22|792|792|163|313236|313236|313236|313236|
23|871|871|186|378885|378885|378885|378885|
24|958|958|212|458403|458403|458403|458403|
25|1053|1053|241|553878|553878|553878|553878|
26|1158|1158|264|669903|669903|669903|669903|
27|1273|1273|285|809628|809628|809628|809628|
28|1400|1400|299|979300|979300|979300|979300|
29|1540|1540|309|1185030|1185030|1185030|1185030|
30|1694|1694|344|1433971|1433971|1433971|1433971|
31|1863|1863|360|1734453|1734453|1734453|1734453|
32|2049|2049|395|2098176|2098176|2098176|2098176|
33|2253|2253|417|2536878|2536878|2536878|2536878|
34|2478|2478|506|3069003|3069003|3069003|3069003|
35|2725|2725|555|3711450|3711450|3711450|3711450|
36|2997|2997|616|4489506|4489506|4489506|4489506|
37|3296|3296|662|5430160|5430160|5430160|5430160|
38|3625|3625|704|6568500|6568500|6568500|6568500|
39|3987|3987|779|7946091|7946091|7946091|7946091|
