time|pop|pol|cri|sit|of_c|of_n|of_p|br_ac|inter
0|100|53|18|3869|2150|1125|4950|
1|110|84|18|5670|3663|2175|5995|
2|121|101|15|7070|4494|2759|7260|
3|133|119|13|8687|6220|4108|8778|
4|146|134|11|10519|8406|6500|10585|
5|160|148|16|12654|10618|8580|12720|
6|176|167|13|15364|13237|11289|15400|
7|193|191|14|18527|17094|15752|18528|
8|212|211|18|22366|20675|19110|22366|
9|233|233|18|27028|25241|23653|27028|
10|256|256|20|32640|30583|28680|32640|
11|281|281|22|39340|37929|36585|39340|
12|309|309|21|47586|46074|44551|47586|
13|339|339|32|57291|56258|55278|57291|
14|372|372|36|69006|68046|67161|69006|
15|409|409|42|83436|82831|82215|83436|
16|449|449|50|100576|100142|99681|100576|
17|493|493|60|121278|121032|120786|121278|
18|542|542|68|146611|146335|146070|146611|
19|596|596|88|177310|177310|177310|177310|
20|655|655|101|214185|214185|214185|214185|
21|720|720|111|258840|258840|258840|258840|
22|792|792|123|313236|313236|313236|313236|
23|871|871|130|378885|378885|378885|378885|
24|958|958|137|458403|458403|458403|458403|
25|1053|1053|169|553878|553878|553878|553878|
26|1158|1158|183|669903|669903|669903|669903|
27|1273|1273|203|809628|809628|809628|809628|
28|1400|1400|211|979300|979300|979300|979300|
29|1540|1540|237|1185030|1185030|1185030|1185030|
30|1694|1694|245|1433971|1433971|1433971|1433971|
31|1863|1863|268|1734453|1734453|1734453|1734453|
32|2049|2049|305|2098176|2098176|2098176|2098176|
33|2253|2253|345|2536878|2536878|2536878|2536878|
34|2478|2478|359|3069003|3069003|3069003|3069003|
35|2725|2725|421|3711450|3711450|3711450|3711450|
36|2997|2997|472|4489506|4489506|4489506|4489506|
37|3296|3296|551|5430160|5430160|5430160|5430160|
38|3625|3625|606|6568500|6568500|6568500|6568500|
39|3987|3987|681|7946091|7946091|7946091|7946091|
