time|pop|pol|cri|sit|of_c|of_n|of_p|br_ac|inter
0|100|46|27|3519|1708|987|4950|
1|110|79|27|5530|3147|1960|5995|
2|121|101|30|7070|5093|3636|7260|
3|133|116|29|8642|6771|5148|8778|
4|146|136|30|10540|8917|7467|10585|
5|160|154|31|12705|11487|10281|12720|
6|176|173|34|15397|14370|13363|15400|
7|193|192|30|18528|17390|16290|18528|
8|212|210|34|22365|21431|20502|22366|
9|233|230|33|27025|26035|24973|27028|
10|256|252|36|32634|32112|31620|32640|
11|281|279|44|39339|38918|38502|39340|
12|309|307|43|47585|47178|46664|47586|
13|339|339|48|57291|57134|56953|57291|
14|372|372|51|69006|69006|69006|69006|
15|409|409|66|83436|83436|83436|83436|
16|449|449|66|100576|100576|100576|100576|
17|493|493|73|121278|121278|121278|121278|
18|542|542|77|146611|146611|146611|146611|
19|596|596|94|177310|177310|177310|177310|
20|655|655|98|214185|214185|214185|214185|
21|720|720|117|258840|258840|258840|258840|
22|792|792|118|313236|313236|313236|313236|
23|871|871|145|378885|378885|378885|378885|
24|958|958|163|458403|458403|458403|458403|
25|1053|1053|183|553878|553878|553878|553878|
26|1158|1158|204|669903|669903|669903|669903|
27|1273|1273|243|809628|809628|809628|809628|
28|1400|1400|268|979300|979300|979300|979300|
29|1540|1540|299|1185030|1185030|1185030|1185030|
30|1694|1694|343|1433971|1433971|1433971|1433971|
31|1863|1863|383|1734453|1734453|1734453|1734453|
32|2049|2049|428|2098176|2098176|2098176|2098176|
33|2253|2253|450|2536878|2536878|2536878|2536878|
34|2478|2478|498|3069003|3069003|3069003|3069003|
35|2725|2725|527|3711450|3711450|3711450|3711450|
36|2997|2997|600|4489506|4489506|4489506|4489506|
37|3296|3296|667|5430160|5430160|5430160|5430160|
38|3625|3625|728|6568500|6568500|6568500|6568500|
39|3987|3987|802|7946091|7946091|7946091|7946091|
