time|pop|pol|cri|sit|of_c|of_n|of_p|br_ac|inter
0|100|52|20|3822|2137|1058|4950|
1|110|80|25|5560|3537|2001|5995|
2|121|107|23|7169|4411|2511|7260|
3|133|122|27|8723|6379|4316|8778|
4|146|134|33|10519|8335|6262|10585|
5|160|146|41|12629|10194|7784|12720|
6|176|161|49|15295|12961|10626|15400|
7|193|177|63|18408|16774|15105|18528|
8|212|196|69|22246|20783|19186|22366|
9|233|221|71|26962|25287|23587|27028|
10|256|250|77|32625|31290|29875|32640|
11|281|275|93|39325|38095|36841|39340|
12|309|302|102|47565|46808|46035|47586|
13|339|334|106|57281|56627|55935|57291|
14|372|369|102|69003|68818|68632|69006|
15|409|409|108|83436|83436|83436|83436|
16|449|449|103|100576|100576|100576|100576|
17|493|493|100|121278|121278|121278|121278|
18|542|542|108|146611|146611|146611|146611|
19|596|596|123|177310|177310|177310|177310|
20|655|655|135|214185|214185|214185|214185|
21|720|720|146|258840|258840|258840|258840|
22|792|792|157|313236|313236|313236|313236|
23|871|871|166|378885|378885|378885|378885|
24|958|958|194|458403|458403|458403|458403|
25|1053|1053|220|553878|553878|553878|553878|
26|1158|1158|239|669903|669903|669903|669903|
27|1273|1273|256|809628|809628|809628|809628|
28|1400|1400|286|979300|979300|979300|979300|
29|1540|1540|306|1185030|1185030|1185030|1185030|
30|1694|1694|346|1433971|1433971|1433971|1433971|
31|1863|1863|372|1734453|1734453|1734453|1734453|
32|2049|2049|412|2098176|2098176|2098176|2098176|
33|2253|2253|473|2536878|2536878|2536878|2536878|
34|2478|2478|529|3069003|3069003|3069003|3069003|
35|2725|2725|573|3711450|3711450|3711450|3711450|
36|2997|2997|624|4489506|4489506|4489506|4489506|
37|3296|3296|672|5430160|5430160|5430160|5430160|
38|3625|3625|739|6568500|6568500|6568500|6568500|
39|3987|3987|793|7946091|7946091|7946091|7946091|
