time|pop|pol|cri|sit|of_c|of_n|of_p|br_ac|inter
0|100|47|16|3572|1912|958|4950|
1|110|78|19|5499|3369|1935|5995|
2|121|101|21|7070|5205|3605|7260|
3|133|115|27|8625|6815|5015|8778|
4|146|133|30|10507|8576|6966|10585|
5|160|151|40|12684|11249|9983|12720|
6|176|171|41|15390|14129|12870|15400|
7|193|190|45|18525|17282|16107|18528|
8|212|210|49|22365|21189|20099|22366|
9|233|231|49|27027|25639|24309|27028|
10|256|253|55|32637|31517|30378|32640|
11|281|278|61|39337|38345|37398|39340|
12|309|306|75|47583|46845|46053|47586|
13|339|336|76|57288|56746|56277|57291|
14|372|369|80|69003|68616|68262|69006|
15|409|409|92|83436|83031|82621|83436|
16|449|449|100|100576|100576|100576|100576|
17|493|493|103|121278|121278|121278|121278|
18|542|542|126|146611|146611|146611|146611|
19|596|596|145|177310|177310|177310|177310|
20|655|655|177|214185|214185|214185|214185|
21|720|720|191|258840|258840|258840|258840|
22|792|792|198|313236|313236|313236|313236|
23|871|871|222|378885|378885|378885|378885|
24|958|958|253|458403|458403|458403|458403|
25|1053|1053|292|553878|553878|553878|553878|
26|1158|1158|315|669903|669903|669903|669903|
27|1273|1273|359|809628|809628|809628|809628|
28|1400|1400|418|979300|979300|979300|979300|
29|1540|1540|466|1185030|1185030|1185030|1185030|
30|1694|1694|511|1433971|1433971|1433971|1433971|
31|1863|1863|567|1734453|1734453|1734453|1734453|
32|2049|2049|624|2098176|2098176|2098176|2098176|
33|2253|2253|705|2536878|2536878|2536878|2536878|
34|2478|2478|784|3069003|3069003|3069003|3069003|
35|2725|2725|845|3711450|3711450|3711450|3711450|
36|2997|2997|903|4489506|4489506|4489506|4489506|
37|3296|3296|984|5430160|5430160|5430160|5430160|
38|3625|3625|1095|6568500|6568500|6568500|6568500|
39|3987|3987|1209|7946091|7946091|7946091|7946091|
