time|pop|pol|cri|sit|of_c|of_n|of_p|br_ac|inter
0|100|48|11|3624|1782|1063|4950|
1|110|71|15|5254|2948|1909|5995|
2|121|101|19|7070|5204|3825|7260|
3|133|122|20|8723|7568|6510|8778|
4|146|139|24|10564|9536|8631|10585|
5|160|152|24|12692|11757|10850|12720|
6|176|172|23|15394|14548|13689|15400|
7|193|189|28|18522|17371|16284|18528|
8|212|207|27|22356|21541|20696|22366|
9|233|227|28|27013|26108|25185|27028|
10|256|254|30|32639|31017|29402|32640|
11|281|279|45|39339|37506|35777|39340|
12|309|309|53|47586|45688|43956|47586|
13|339|339|53|57291|55610|53956|57291|
14|372|372|54|69006|67328|65703|69006|
15|409|409|64|83436|82610|81810|83436|
16|449|449|72|100576|99679|98790|100576|
17|493|493|74|121278|119538|117855|121278|
18|542|542|86|146611|144450|142311|146611|
19|596|596|78|177310|174906|172578|177310|
20|655|655|95|214185|211926|209628|214185|
21|720|720|110|258840|257023|255255|258840|
22|792|792|123|313236|312443|311655|313236|
23|871|871|138|378885|377107|375411|378885|
24|958|958|154|458403|456999|455535|458403|
25|1053|1053|169|553878|551242|548628|553878|
26|1158|1158|186|669903|666395|662976|669903|
27|1273|1273|225|809628|807727|805815|809628|
28|1400|1400|251|979300|977152|975106|979300|
29|1540|1540|277|1185030|1183500|1181953|1185030|
30|1694|1694|314|1433971|1432234|1430586|1433971|
31|1863|1863|321|1734453|1732549|1730730|1734453|
32|2049|2049|353|2098176|2097146|2096128|2098176|
33|2253|2253|374|2536878|2536878|2536878|2536878|
34|2478|2478|402|3069003|3069003|3069003|3069003|
35|2725|2725|439|3711450|3711450|3711450|3711450|
36|2997|2997|464|4489506|4489506|4489506|4489506|
37|3296|3296|551|5430160|5430160|5430160|5430160|
38|3625|3625|604|6568500|6568500|6568500|6568500|
39|3987|3987|712|7946091|7946091|7946091|7946091|
