time|pop|pol|cri|sit|of_c|of_n|of_p|br_ac|inter
0|100|51|23|3774|2158|1039|4950|
1|110|86|21|5719|3166|1460|5995|
2|121|104|15|7124|4433|2380|7260|
3|133|117|18|8658|5653|3216|8778|
4|146|130|22|10465|8318|6208|10585|
5|160|140|27|12530|10736|8721|12720|
6|176|163|20|15322|13764|12168|15400|
7|193|184|14|18492|16861|15189|18528|
8|212|206|16|22351|21226|20085|22366|
9|233|227|18|27013|26094|25185|27028|
10|256|252|19|32634|32130|31620|32640|
11|281|280|29|39340|39076|38781|39340|
12|309|308|38|47586|46980|46360|47586|
13|339|339|40|57291|56938|56616|57291|
14|372|372|42|69006|68459|67896|69006|
15|409|409|54|83436|82833|82215|83436|
16|449|449|69|100576|99907|99235|100576|
17|493|493|77|121278|121023|120786|121278|
18|542|542|69|146611|146351|146070|146611|
19|596|596|70|177310|176720|176121|177310|
20|655|655|91|214185|213186|212226|214185|
21|720|720|112|258840|258121|257403|258840|
22|792|792|124|313236|312860|312445|313236|
23|871|871|136|378885|378481|378015|378885|
24|958|958|152|458403|457931|457446|458403|
25|1053|1053|164|553878|553356|552826|553878|
26|1158|1158|187|669903|669304|668746|669903|
27|1273|1273|205|809628|809628|809628|809628|
28|1400|1400|233|979300|979300|979300|979300|
29|1540|1540|255|1185030|1185030|1185030|1185030|
30|1694|1694|287|1433971|1433971|1433971|1433971|
31|1863|1863|329|1734453|1734453|1734453|1734453|
32|2049|2049|388|2098176|2098176|2098176|2098176|
33|2253|2253|443|2536878|2536878|2536878|2536878|
34|2478|2478|523|3069003|3069003|3069003|3069003|
35|2725|2725|538|3711450|3711450|3711450|3711450|
36|2997|2997|589|4489506|4489506|4489506|4489506|
37|3296|3296|596|5430160|5430160|5430160|5430160|
38|3625|3625|643|6568500|6568500|6568500|6568500|
39|3987|3987|732|7946091|7946091|7946091|7946091|
