time|pop|pol|cri|sit|of_c|of_n|of_p|br_ac|inter
0|100|49|19|3675|1864|857|4950|
1|110|76|23|5434|3420|1755|5995|
2|121|96|29|6960|4804|2772|7260|
3|133|114|32|8607|5532|3120|8778|
4|146|124|35|10354|7248|4797|10585|
5|160|148|53|12654|9454|7232|12720|
6|176|168|60|15372|12335|9849|15400|
7|193|187|67|18513|16311|14355|18528|
8|212|208|79|22360|20689|19104|22366|
9|233|230|81|27025|25182|23433|27028|
10|256|254|96|32639|31362|30134|32640|
11|281|280|98|39340|38626|37950|39340|
12|309|308|109|47586|47277|46971|47586|
13|339|339|124|57291|56949|56616|57291|
14|372|372|127|69006|68625|68265|69006|
