time|pop|pol|cri|sit|of_c|of_n|of_p|br_ac|inter
0|100|23|48|2024|1126|868|4950|
1|110|59|55|4720|3172|2430|5995|
2|121|87|59|6699|5164|4425|7260|
3|133|109|58|8502|7980|7519|8778|
4|146|118|65|10207|9871|9519|10585|
5|160|132|85|12342|12142|12052|12720|
6|176|150|94|15075|15075|15075|15400|
7|182|150|102|15975|15975|15975|16471|
8|188|150|109|16875|16875|16875|17578|
9|191|150|111|17325|17325|17325|18145|
10|195|150|116|17925|17925|17925|18915|
11|191|150|112|17325|17325|17325|18145|
12|187|150|108|16725|16725|16725|17391|
13|183|150|103|16125|16125|16125|16653|
14|180|150|103|15675|15675|15675|16110|
15|177|150|98|15225|15225|15225|15576|
16|176|150|98|15075|15075|15075|15400|
17|176|150|98|15075|15075|15075|15400|
18|172|150|96|14475|14475|14475|14706|
19|170|150|94|14175|14175|14175|14365|
20|170|150|94|14175|14175|14175|14365|
21|168|150|91|13875|13875|13875|14028|
22|168|150|90|13875|13875|13875|14028|
23|166|150|89|13575|13575|13575|13695|
24|165|150|89|13425|13425|13425|13530|
25|163|150|87|13125|13125|13125|13203|
26|164|150|87|13275|13275|13275|13366|
27|163|150|86|13125|13125|13125|13203|
28|163|150|86|13125|13125|13125|13203|
29|162|150|86|12975|12975|12975|13041|
30|163|150|86|13125|13125|13125|13203|
31|162|150|85|12975|12975|12975|13041|
32|161|150|84|12825|12825|12825|12880|
33|160|150|84|12675|12675|12675|12720|
34|160|150|82|12675|12675|12675|12720|
35|161|150|83|12825|12825|12825|12880|
36|160|150|81|12675|12675|12675|12720|
37|159|150|81|12525|12525|12525|12561|
38|159|150|80|12525|12525|12525|12561|
39|159|150|79|12525|12525|12525|12561|
