time|pop|pol|cri|sit|of_c|of_n|of_p|br_ac|inter
0|100|21|41|1869|919|478|4950|
1|110|51|36|4284|2497|1358|5995|
2|121|65|38|5720|4147|2921|7260|
3|133|84|35|7602|6547|5694|8778|
4|132|83|35|7470|6552|5767|8646|
5|132|83|36|7470|6570|5767|8646|
6|135|83|40|7719|6728|5913|9045|
7|120|80|36|6360|5495|5037|7140|
8|101|73|29|4672|4526|4526|5050|
9|93|73|24|4088|4015|4015|4278|
10|88|73|22|3723|3650|3650|3828|
11|83|73|19|3358|3358|3358|3403|
12|80|73|19|3139|3139|3139|3160|
13|79|73|19|3066|3066|3066|3081|
14|78|73|19|2993|2993|2993|3003|
15|76|73|19|2847|2847|2847|2850|
16|75|73|18|2774|2774|2774|2775|
17|75|73|18|2774|2774|2774|2775|
18|75|73|18|2774|2774|2774|2775|
19|75|73|18|2774|2774|2774|2775|
20|75|73|18|2774|2774|2774|2775|
21|74|73|18|2701|2701|2701|2701|
22|74|73|18|2701|2701|2701|2701|
23|74|73|18|2701|2701|2701|2701|
24|74|73|18|2701|2701|2701|2701|
25|74|73|18|2701|2701|2701|2701|
26|74|73|18|2701|2701|2701|2701|
27|74|73|18|2701|2701|2701|2701|
28|74|73|18|2701|2701|2701|2701|
29|74|73|18|2701|2701|2701|2701|
30|74|73|18|2701|2701|2701|2701|
31|74|73|18|2701|2701|2701|2701|
32|74|73|18|2701|2701|2701|2701|
33|74|73|18|2701|2701|2701|2701|
34|74|73|18|2701|2701|2701|2701|
35|74|73|18|2701|2701|2701|2701|
36|74|73|18|2701|2701|2701|2701|
37|74|73|18|2701|2701|2701|2701|
38|74|73|18|2701|2701|2701|2701|
39|74|73|18|2701|2701|2701|2701|
