time|pop|pol|cri|sit|of_c|of_n|of_p|br_ac|inter
0|100|20|43|1790|942|605|4950|
1|110|55|48|4510|2865|1995|5995|
2|121|88|39|6732|5071|3886|7260|
3|133|104|39|8372|7347|6345|8778|
4|146|112|39|10024|9353|8684|10585|
5|160|116|45|11774|11239|10767|12720|
6|176|131|50|14410|14096|13545|15400|
7|170|126|50|13419|13419|13419|14365|
8|173|126|48|13797|13797|13797|14878|
9|172|126|47|13671|13671|13671|14706|
10|171|126|46|13545|13545|13545|14535|
11|168|126|41|13167|13167|13167|14028|
12|169|126|42|13293|13293|13293|14196|
13|166|126|43|12915|12915|12915|13695|
14|165|126|44|12789|12789|12789|13530|
15|166|126|43|12915|12915|12915|13695|
16|164|126|39|12663|12663|12663|13366|
17|160|126|37|12159|12159|12159|12720|
18|159|126|37|12033|12033|12033|12561|
19|159|126|37|12033|12033|12033|12561|
20|155|126|37|11529|11529|11529|11935|
21|155|126|37|11529|11529|11529|11935|
22|155|126|37|11529|11529|11529|11935|
23|154|126|37|11403|11403|11403|11781|
24|155|126|37|11529|11529|11529|11935|
25|155|126|37|11529|11529|11529|11935|
26|157|126|37|11781|11781|11781|12246|
27|157|126|37|11781|11781|11781|12246|
28|157|126|37|11781|11781|11781|12246|
29|154|126|37|11403|11403|11403|11781|
30|155|126|37|11529|11529|11529|11935|
31|155|126|37|11529|11529|11529|11935|
32|153|126|37|11277|11277|11277|11628|
33|155|126|37|11529|11529|11529|11935|
34|154|126|37|11403|11403|11403|11781|
35|154|126|37|11403|11403|11403|11781|
36|154|126|37|11403|11403|11403|11781|
37|154|126|37|11403|11403|11403|11781|
38|156|126|37|11655|11655|11655|12090|
39|152|126|37|11151|11151|11151|11476|
