time|pop|pol|cri|sit|of_c|of_n|of_p|br_ac|inter
0|100|20|43|1790|924|362|4950|
1|110|56|41|4564|2381|1134|5995|
2|121|78|40|6357|3980|2499|7260|
3|133|96|47|8112|6096|4699|8778|
4|103|75|45|4875|4695|4625|5253|
5|96|74|39|4329|4181|4181|4560|
6|92|74|38|4033|4033|4033|4186|
7|91|74|37|3959|3959|3959|4095|
8|90|74|37|3885|3885|3885|4005|
9|89|74|36|3811|3811|3811|3916|
10|87|74|34|3663|3663|3663|3741|
11|86|74|34|3589|3589|3589|3655|
12|86|74|34|3589|3589|3589|3655|
13|84|74|34|3441|3441|3441|3486|
14|83|74|34|3367|3367|3367|3403|
15|83|74|33|3367|3367|3367|3403|
16|81|74|32|3219|3219|3219|3240|
17|80|74|32|3145|3145|3145|3160|
18|80|74|32|3145|3145|3145|3160|
19|81|74|33|3219|3219|3219|3240|
20|80|74|32|3145|3145|3145|3160|
21|80|74|32|3145|3145|3145|3160|
22|80|74|32|3145|3145|3145|3160|
23|79|74|32|3071|3071|3071|3081|
24|79|74|32|3071|3071|3071|3081|
25|78|74|32|2997|2997|2997|3003|
26|78|74|32|2997|2997|2997|3003|
27|78|74|32|2997|2997|2997|3003|
28|78|74|32|2997|2997|2997|3003|
29|77|74|32|2923|2923|2923|2926|
30|77|74|32|2923|2923|2923|2926|
31|77|74|32|2923|2923|2923|2926|
32|77|74|32|2923|2923|2923|2926|
33|77|74|32|2923|2923|2923|2926|
34|77|74|32|2923|2923|2923|2926|
35|77|74|32|2923|2923|2923|2926|
36|77|74|32|2923|2923|2923|2926|
37|77|74|32|2923|2923|2923|2926|
38|77|74|32|2923|2923|2923|2926|
39|77|74|32|2923|2923|2923|2926|
