time|pop|pol|cri|sit|of_c|of_n|of_p|br_ac|inter
0|100|21|48|1869|1067|652|4950|
1|110|56|46|4564|2747|1746|5995|
2|121|86|43|6665|4958|3680|7260|
3|133|102|40|8313|7445|6789|8778|
4|146|122|44|10309|9966|9617|10585|
5|150|120|45|10740|10497|10325|11175|
6|156|119|51|11424|11238|11151|12090|
7|161|118|51|11977|11977|11977|12880|
8|170|118|53|13039|13039|13039|14365|
9|185|118|53|14809|14809|14809|17020|
10|181|118|52|14337|14337|14337|16290|
11|172|118|52|13275|13275|13275|14706|
12|165|118|50|12449|12449|12449|13530|
13|155|118|43|11269|11269|11269|11935|
14|152|118|39|10915|10915|10915|11476|
15|149|118|38|10561|10561|10561|11026|
16|144|118|37|9971|9971|9971|10296|
17|141|118|37|9617|9617|9617|9870|
18|140|118|36|9499|9499|9499|9730|
19|136|118|35|9027|9027|9027|9180|
20|133|118|35|8673|8673|8673|8778|
21|133|118|37|8673|8673|8673|8778|
22|130|118|36|8319|8319|8319|8385|
23|128|118|36|8083|8083|8083|8128|
24|126|118|35|7847|7847|7847|7875|
25|126|118|35|7847|7847|7847|7875|
26|125|118|35|7729|7729|7729|7750|
27|125|118|35|7729|7729|7729|7750|
28|125|118|35|7729|7729|7729|7750|
29|125|118|36|7729|7729|7729|7750|
30|125|118|36|7729|7729|7729|7750|
31|125|118|36|7729|7729|7729|7750|
32|125|118|36|7729|7729|7729|7750|
33|125|118|36|7729|7729|7729|7750|
34|124|118|35|7611|7611|7611|7626|
35|124|118|35|7611|7611|7611|7626|
36|124|118|35|7611|7611|7611|7626|
37|124|118|35|7611|7611|7611|7626|
38|124|118|35|7611|7611|7611|7626|
39|124|118|35|7611|7611|7611|7626|
