time|pop|pol|cri|sit|of_c|of_n|of_p|br_ac|inter
0|100|24|49|2100|1171|880|4950|
1|110|58|49|4669|3076|2491|5995|
2|121|78|54|6357|5066|4485|7260|
3|133|97|54|8148|6945|6721|8778|
4|146|122|54|10309|9508|9282|10585|
5|160|137|62|12467|12180|12015|12720|
6|176|148|67|15022|14656|14553|15400|
7|193|165|77|18150|17985|17985|18528|
8|212|185|87|22015|21830|21830|22366|
9|226|185|94|24605|24605|24605|25425|
10|231|185|98|25530|25530|25530|26565|
11|239|185|98|27010|27010|27010|28441|
12|244|185|95|27935|27935|27935|29646|
13|246|185|93|28305|28305|28305|30135|
14|251|185|94|29230|29230|29230|31375|
15|254|185|87|29785|29785|29785|32131|
16|245|185|82|28120|28120|28120|29890|
17|230|185|82|25345|25345|25345|26335|
18|218|185|80|23125|23125|23125|23653|
19|205|185|78|20720|20720|20720|20910|
20|199|185|78|19610|19610|19610|19701|
21|195|185|78|18870|18870|18870|18915|
22|193|185|77|18500|18500|18500|18528|
23|191|185|77|18130|18130|18130|18145|
24|190|185|76|17945|17945|17945|17955|
25|189|185|76|17760|17760|17760|17766|
26|189|185|76|17760|17760|17760|17766|
27|188|185|76|17575|17575|17575|17578|
28|187|185|76|17390|17390|17390|17391|
29|187|185|76|17390|17390|17390|17391|
30|187|185|76|17390|17390|17390|17391|
31|187|185|76|17390|17390|17390|17391|
32|187|185|76|17390|17390|17390|17391|
33|187|185|76|17390|17390|17390|17391|
34|186|185|76|17205|17205|17205|17205|
35|186|185|76|17205|17205|17205|17205|
36|186|185|76|17205|17205|17205|17205|
37|186|185|76|17205|17205|17205|17205|
38|186|185|76|17205|17205|17205|17205|
39|186|185|76|17205|17205|17205|17205|
