time|pop|pol|cri|sit|of_c|of_n|of_p|br_ac|inter
0|100|23|51|2024|1031|615|4950|
1|110|58|56|4669|2806|1940|5995|
2|121|89|59|6764|5538|4898|7260|
3|133|107|57|8453|7884|7644|8778|
4|146|125|62|10375|9685|9610|10585|
5|160|148|68|12654|12577|12495|12720|
6|176|159|76|15264|15264|15264|15400|
7|193|167|88|18203|18203|18203|18528|
8|212|184|95|21988|21988|21988|22366|
9|225|184|97|24380|24380|24380|25200|
10|226|184|96|24564|24564|24564|25425|
11|226|184|97|24564|24564|24564|25425|
12|222|184|94|23828|23828|23828|24531|
13|220|184|92|23460|23460|23460|24090|
14|215|184|88|22540|22540|22540|23005|
15|212|184|85|21988|21988|21988|22366|
16|209|184|85|21436|21436|21436|21736|
17|207|184|85|21068|21068|21068|21321|
18|207|184|85|21068|21068|21068|21321|
19|206|184|82|20884|20884|20884|21115|
20|203|184|82|20332|20332|20332|20503|
21|201|184|81|19964|19964|19964|20100|
22|201|184|81|19964|19964|19964|20100|
23|201|184|83|19964|19964|19964|20100|
24|200|184|82|19780|19780|19780|19900|
25|200|184|83|19780|19780|19780|19900|
26|201|184|84|19964|19964|19964|20100|
27|200|184|84|19780|19780|19780|19900|
28|199|184|82|19596|19596|19596|19701|
29|196|184|81|19044|19044|19044|19110|
30|194|184|81|18676|18676|18676|18721|
31|195|184|81|18860|18860|18860|18915|
32|197|184|82|19228|19228|19228|19306|
33|197|184|82|19228|19228|19228|19306|
34|199|184|83|19596|19596|19596|19701|
35|198|184|83|19412|19412|19412|19503|
36|196|184|84|19044|19044|19044|19110|
37|195|184|85|18860|18860|18860|18915|
38|196|184|86|19044|19044|19044|19110|
39|195|184|85|18860|18860|18860|18915|
