time|pop|pol|cri|sit|of_c|of_n|of_p|br_ac|inter
0|100|26|54|2249|1108|714|4950|
1|110|64|62|4960|3328|2575|5995|
2|121|91|71|6825|5960|5502|7260|
3|133|104|76|8372|7696|7474|8778|
4|130|102|82|8007|7853|7777|8385|
5|134|101|85|8383|8383|8383|8911|
6|141|101|89|9090|9090|9090|9870|
7|149|101|94|9898|9898|9898|11026|
8|146|101|95|9595|9595|9595|10585|
9|140|101|92|8989|8989|8989|9730|
10|137|101|89|8686|8686|8686|9316|
11|134|101|88|8383|8383|8383|8911|
12|134|101|88|8383|8383|8383|8911|
13|133|101|89|8282|8282|8282|8778|
14|131|101|89|8080|8080|8080|8515|
15|128|101|85|7777|7777|7777|8128|
16|126|101|84|7575|7575|7575|7875|
17|126|101|85|7575|7575|7575|7875|
18|123|101|81|7272|7272|7272|7503|
19|124|101|82|7373|7373|7373|7626|
20|122|101|78|7171|7171|7171|7381|
21|119|101|73|6868|6868|6868|7021|
22|117|101|71|6666|6666|6666|6786|
23|116|101|70|6565|6565|6565|6670|
24|115|101|69|6464|6464|6464|6555|
25|116|101|69|6565|6565|6565|6670|
26|115|101|68|6464|6464|6464|6555|
27|113|101|69|6262|6262|6262|6328|
28|112|101|69|6161|6161|6161|6216|
29|110|101|68|5959|5959|5959|5995|
30|111|101|68|6060|6060|6060|6105|
31|111|101|67|6060|6060|6060|6105|
32|111|101|67|6060|6060|6060|6105|
33|110|101|66|5959|5959|5959|5995|
34|109|101|65|5858|5858|5858|5886|
35|110|101|65|5959|5959|5959|5995|
36|110|101|65|5959|5959|5959|5995|
37|110|101|65|5959|5959|5959|5995|
38|111|101|65|6060|6060|6060|6105|
39|111|101|66|6060|6060|6060|6105|
