time|pop|pol|cri|sit|of_c|of_n|of_p|br_ac|inter
0|100|18|59|1629|968|478|4950|
1|110|47|60|4042|2462|1196|5995|
2|121|76|66|6270|4534|3094|7260|
3|133|89|73|7832|6947|6162|8778|
4|146|100|77|9550|9007|8370|10585|
5|145|99|75|9405|9022|8463|10440|
6|146|99|76|9504|9210|8649|10585|
7|146|99|79|9504|9210|8649|10585|
8|147|99|81|9603|9308|8742|10731|
9|146|99|83|9504|9190|8649|10585|
10|142|97|82|9021|8832|8463|10011|
11|143|97|82|9118|8931|8556|10153|
12|145|96|83|9264|9116|8835|10440|
13|146|95|87|9310|9203|9021|10585|
14|144|94|88|9071|9024|8928|10296|
15|141|94|84|8789|8736|8649|9870|
16|136|93|81|8277|8277|8277|9180|
17|134|93|82|8091|8091|8091|8911|
18|132|93|78|7905|7905|7905|8646|
19|129|93|73|7626|7626|7626|8256|
20|126|93|69|7347|7347|7347|7875|
21|124|93|70|7161|7161|7161|7626|
22|120|93|66|6789|6789|6789|7140|
23|119|93|64|6696|6696|6696|7021|
24|116|93|63|6417|6417|6417|6670|
25|114|93|62|6231|6231|6231|6441|
26|111|93|60|5952|5952|5952|6105|
27|109|93|58|5766|5766|5766|5886|
28|109|93|58|5766|5766|5766|5886|
29|108|93|57|5673|5673|5673|5778|
30|106|93|56|5487|5487|5487|5565|
31|106|93|56|5487|5487|5487|5565|
32|106|93|55|5487|5487|5487|5565|
33|103|93|55|5208|5208|5208|5253|
34|102|93|53|5115|5115|5115|5151|
35|102|93|53|5115|5115|5115|5151|
36|102|93|53|5115|5115|5115|5151|
37|102|93|52|5115|5115|5115|5151|
38|102|93|53|5115|5115|5115|5151|
39|102|93|52|5115|5115|5115|5151|
