time|pop|pol|cri|sit|of_c|of_n|of_p|br_ac|inter
0|100|25|46|2175|1390|820|4950|
1|110|54|51|4455|2915|1998|5995|
2|121|80|55|6440|5355|4256|7260|
3|107|72|45|5076|4644|4128|5671|
4|99|68|43|4386|4177|3936|4851|
5|94|65|46|3965|3805|3744|4371|
6|87|64|44|3488|3360|3360|3741|
7|84|64|43|3296|3104|3104|3486|
8|78|64|42|2912|2912|2912|3003|
9|77|64|41|2848|2848|2848|2926|
10|76|64|39|2784|2784|2784|2850|
11|73|64|39|2592|2592|2592|2628|
12|72|64|39|2528|2528|2528|2556|
13|70|64|37|2400|2400|2400|2415|
14|70|64|37|2400|2400|2400|2415|
15|69|64|37|2336|2336|2336|2346|
16|68|64|36|2272|2272|2272|2278|
17|68|64|36|2272|2272|2272|2278|
18|68|64|36|2272|2272|2272|2278|
19|68|64|36|2272|2272|2272|2278|
20|67|64|35|2208|2208|2208|2211|
21|66|64|35|2144|2144|2144|2145|
22|66|64|35|2144|2144|2144|2145|
23|66|64|35|2144|2144|2144|2145|
24|66|64|35|2144|2144|2144|2145|
25|66|64|35|2144|2144|2144|2145|
26|66|64|35|2144|2144|2144|2145|
27|66|64|35|2144|2144|2144|2145|
28|66|64|35|2144|2144|2144|2145|
29|66|64|35|2144|2144|2144|2145|
30|66|64|35|2144|2144|2144|2145|
31|66|64|35|2144|2144|2144|2145|
32|66|64|35|2144|2144|2144|2145|
33|66|64|35|2144|2144|2144|2145|
34|66|64|35|2144|2144|2144|2145|
35|66|64|35|2144|2144|2144|2145|
36|66|64|35|2144|2144|2144|2145|
37|66|64|35|2144|2144|2144|2145|
38|66|64|35|2144|2144|2144|2145|
39|66|64|35|2144|2144|2144|2145|
