time|pop|pol|cri|sit|of_c|of_n|of_p|br_ac|inter
0|100|25|52|2175|1290|706|4950|
1|110|53|61|4399|3013|1881|5995|
2|121|75|68|6225|4783|3556|7260|
3|133|95|69|8075|7085|6407|8778|
4|133|95|62|8075|6802|6149|8778|
5|131|94|61|7849|7003|6407|8515|
6|135|94|65|8225|7464|6837|9045|
7|133|91|66|7917|7603|7181|8778|
8|140|91|71|8554|8124|7697|9730|
9|122|86|67|6751|6751|6751|7381|
10|111|86|62|5805|5805|5805|6105|
11|105|86|59|5289|5289|5289|5460|
12|100|86|55|4859|4859|4859|4950|
13|97|86|54|4601|4601|4601|4656|
14|94|86|53|4343|4343|4343|4371|
15|92|86|53|4171|4171|4171|4186|
16|90|86|51|3999|3999|3999|4005|
17|90|86|51|3999|3999|3999|4005|
18|90|86|51|3999|3999|3999|4005|
19|89|86|50|3913|3913|3913|3916|
20|89|86|50|3913|3913|3913|3916|
21|89|86|50|3913|3913|3913|3916|
22|89|86|50|3913|3913|3913|3916|
23|89|86|50|3913|3913|3913|3916|
24|89|86|50|3913|3913|3913|3916|
25|89|86|50|3913|3913|3913|3916|
26|88|86|49|3827|3827|3827|3828|
27|88|86|49|3827|3827|3827|3828|
28|88|86|49|3827|3827|3827|3828|
29|88|86|49|3827|3827|3827|3828|
30|88|86|49|3827|3827|3827|3828|
31|88|86|49|3827|3827|3827|3828|
32|88|86|49|3827|3827|3827|3828|
33|88|86|49|3827|3827|3827|3828|
34|87|86|49|3741|3741|3741|3741|
35|87|86|49|3741|3741|3741|3741|
36|87|86|49|3741|3741|3741|3741|
37|87|86|49|3741|3741|3741|3741|
38|87|86|49|3741|3741|3741|3741|
39|87|86|49|3741|3741|3741|3741|
