time|pop|pol|cri|sit|of_c|of_n|of_p|br_ac|inter
0|100|17|51|1547|902|358|4950|
1|110|50|54|4225|2715|1350|5995|
2|121|70|49|5985|4366|3286|7260|
3|133|89|44|7832|6999|6280|8778|
4|146|106|45|9805|9173|8823|10585|
5|160|118|51|11859|11529|11310|12720|
6|171|118|62|13157|12807|12586|14535|
7|172|118|68|13275|13035|12818|14706|
8|173|117|73|13338|13160|13050|14878|
9|167|117|69|12636|12578|12470|13861|
10|168|117|72|12753|12702|12586|14028|
11|168|117|72|12753|12705|12586|14028|
12|165|117|69|12402|12343|12238|13530|
13|163|116|68|12122|12122|12122|13203|
14|160|116|65|11774|11774|11774|12720|
15|158|116|63|11542|11542|11542|12403|
16|156|116|61|11310|11310|11310|12090|
17|153|116|58|10962|10962|10962|11628|
18|152|116|57|10846|10846|10846|11476|
19|152|116|57|10846|10846|10846|11476|
20|149|116|54|10498|10498|10498|11026|
21|149|116|54|10498|10498|10498|11026|
22|146|116|51|10150|10150|10150|10585|
23|143|116|48|9802|9802|9802|10153|
24|135|116|40|8874|8874|8874|9045|
25|131|116|36|8410|8410|8410|8515|
26|125|116|30|7714|7714|7714|7750|
27|123|116|28|7482|7482|7482|7503|
28|122|116|27|7366|7366|7366|7381|
29|121|116|26|7250|7250|7250|7260|
30|121|116|26|7250|7250|7250|7260|
31|120|116|25|7134|7134|7134|7140|
32|120|116|25|7134|7134|7134|7140|
33|119|116|24|7018|7018|7018|7021|
34|119|116|24|7018|7018|7018|7021|
35|119|116|24|7018|7018|7018|7021|
36|119|116|24|7018|7018|7018|7021|
37|119|116|24|7018|7018|7018|7021|
38|119|116|24|7018|7018|7018|7021|
39|119|116|24|7018|7018|7018|7021|
