time|pop|pol|cri|sit|of_c|of_n|of_p|br_ac|inter
0|100|13|50|1209|626|240|4950|
1|107|44|57|3718|2239|1010|5671|
2|117|70|55|5705|4294|2623|6786|
3|128|76|54|6802|5854|4697|8128|
4|140|98|57|8869|8373|7524|9730|
5|154|106|69|10653|10344|9750|11781|
6|155|106|68|10759|10443|9850|11935|
7|152|104|64|10348|10124|9750|11476|
8|148|101|63|9797|9748|9650|10878|
9|142|100|64|9150|9150|9150|10011|
10|136|100|56|8550|8550|8550|9180|
11|129|100|56|7850|7850|7850|8256|
12|123|100|54|7250|7250|7250|7503|
13|118|100|54|6750|6750|6750|6903|
14|115|100|51|6450|6450|6450|6555|
15|111|100|49|6050|6050|6050|6105|
16|111|100|48|6050|6050|6050|6105|
17|110|100|48|5950|5950|5950|5995|
18|109|100|47|5850|5850|5850|5886|
19|105|100|46|5450|5450|5450|5460|
20|105|100|46|5450|5450|5450|5460|
21|106|100|47|5550|5550|5550|5565|
22|106|100|47|5550|5550|5550|5565|
23|105|100|46|5450|5450|5450|5460|
24|105|100|46|5450|5450|5450|5460|
25|105|100|46|5450|5450|5450|5460|
26|105|100|46|5450|5450|5450|5460|
27|105|100|46|5450|5450|5450|5460|
28|105|100|46|5450|5450|5450|5460|
29|105|100|46|5450|5450|5450|5460|
30|104|100|45|5350|5350|5350|5356|
31|104|100|45|5350|5350|5350|5356|
32|103|100|44|5250|5250|5250|5253|
33|102|100|45|5150|5150|5150|5151|
34|102|100|45|5150|5150|5150|5151|
35|102|100|45|5150|5150|5150|5151|
36|102|100|45|5150|5150|5150|5151|
37|102|100|45|5150|5150|5150|5151|
38|102|100|45|5150|5150|5150|5151|
39|102|100|45|5150|5150|5150|5151|
