time|pop|pol|cri|sit|of_c|of_n|of_p|br_ac|inter
0|100|15|47|1380|751|457|4950|
1|109|45|49|3870|2273|1350|5886|
2|119|69|50|5796|4012|2842|7021|
3|130|94|50|7755|6471|5589|8385|
4|143|115|67|9775|9015|8478|10153|
5|143|110|68|9625|9404|9234|10153|
6|150|110|71|10395|10172|9990|11175|
7|160|110|77|11495|11380|11178|12720|
8|162|109|83|11663|11606|11502|13041|
9|159|109|73|11336|11283|11178|12561|
10|158|109|71|11227|11171|11070|12403|
11|150|108|71|10314|10314|10314|11175|
12|150|108|75|10314|10314|10314|11175|
13|146|108|73|9882|9882|9882|10585|
14|143|108|73|9558|9558|9558|10153|
15|141|108|67|9342|9342|9342|9870|
16|139|108|66|9126|9126|9126|9591|
17|133|108|63|8478|8478|8478|8778|
18|131|108|62|8262|8262|8262|8515|
19|132|108|64|8370|8370|8370|8646|
20|128|108|63|7938|7938|7938|8128|
21|126|108|61|7722|7722|7722|7875|
22|124|108|60|7506|7506|7506|7626|
23|124|108|59|7506|7506|7506|7626|
24|124|108|57|7506|7506|7506|7626|
25|124|108|58|7506|7506|7506|7626|
26|121|108|57|7182|7182|7182|7260|
27|117|108|56|6750|6750|6750|6786|
28|117|108|58|6750|6750|6750|6786|
29|118|108|58|6858|6858|6858|6903|
30|118|108|58|6858|6858|6858|6903|
31|119|108|59|6966|6966|6966|7021|
32|116|108|57|6642|6642|6642|6670|
33|115|108|58|6534|6534|6534|6555|
34|115|108|58|6534|6534|6534|6555|
35|115|108|57|6534|6534|6534|6555|
36|113|108|56|6318|6318|6318|6328|
37|113|108|56|6318|6318|6318|6328|
38|113|108|56|6318|6318|6318|6328|
39|113|108|56|6318|6318|6318|6328|
