time|pop|pol|cri|sit|of_c|of_n|of_p|br_ac|inter
0|100|23|45|2024|1130|589|4950|
1|110|51|43|4284|2830|1665|5995|
2|121|72|42|6084|4717|3537|7260|
3|133|89|51|7832|6493|5621|8778|
4|146|109|63|9919|8565|7850|10585|
5|160|126|71|12159|10762|10089|12720|
6|176|147|79|14994|13828|13066|15400|
7|165|139|75|13205|13066|13066|13530|
8|163|139|76|12927|12927|12927|13203|
9|164|139|78|13066|13066|13066|13366|
10|164|139|75|13066|13066|13066|13366|
11|165|139|77|13205|13205|13205|13530|
12|168|139|77|13622|13622|13622|14028|
13|171|139|78|14039|14039|14039|14535|
14|171|139|79|14039|14039|14039|14535|
15|169|139|79|13761|13761|13761|14196|
16|167|139|78|13483|13483|13483|13861|
17|167|139|74|13483|13483|13483|13861|
18|168|139|73|13622|13622|13622|14028|
19|168|139|76|13622|13622|13622|14028|
20|168|139|74|13622|13622|13622|14028|
21|169|139|73|13761|13761|13761|14196|
22|171|139|73|14039|14039|14039|14535|
23|172|139|70|14178|14178|14178|14706|
24|174|139|70|14456|14456|14456|15051|
25|171|139|70|14039|14039|14039|14535|
26|172|139|71|14178|14178|14178|14706|
27|173|139|71|14317|14317|14317|14878|
28|174|139|71|14456|14456|14456|15051|
29|172|139|72|14178|14178|14178|14706|
30|176|139|74|14734|14734|14734|15400|
31|177|139|74|14873|14873|14873|15576|
32|177|139|72|14873|14873|14873|15576|
33|179|139|75|15151|15151|15151|15931|
34|179|139|76|15151|15151|15151|15931|
35|183|139|74|15707|15707|15707|16653|
36|184|139|74|15846|15846|15846|16836|
37|184|139|76|15846|15846|15846|16836|
38|183|139|77|15707|15707|15707|16653|
39|181|139|75|15429|15429|15429|16290|
