time|pop|pol|cri|sit|of_c|of_n|of_p|br_ac|inter
0|100|18|52|1629|913|461|4950|
1|110|48|61|4104|2519|1260|5995|
2|121|79|59|6399|4384|2585|7260|
3|133|87|61|7743|6227|4719|8778|
4|146|105|82|9765|9071|7998|10585|
5|130|93|78|7719|7719|7719|8385|
6|123|93|73|7068|7068|7068|7503|
7|116|93|70|6417|6417|6417|6670|
8|110|93|65|5859|5859|5859|5995|
9|106|93|64|5487|5487|5487|5565|
10|104|93|65|5301|5301|5301|5356|
11|103|93|64|5208|5208|5208|5253|
12|102|93|64|5115|5115|5115|5151|
13|100|93|62|4929|4929|4929|4950|
14|100|93|62|4929|4929|4929|4950|
15|98|93|60|4743|4743|4743|4753|
16|97|93|59|4650|4650|4650|4656|
17|96|93|58|4557|4557|4557|4560|
18|95|93|58|4464|4464|4464|4465|
19|95|93|58|4464|4464|4464|4465|
20|95|93|58|4464|4464|4464|4465|
21|95|93|58|4464|4464|4464|4465|
22|95|93|58|4464|4464|4464|4465|
23|95|93|58|4464|4464|4464|4465|
24|95|93|58|4464|4464|4464|4465|
25|95|93|58|4464|4464|4464|4465|
26|95|93|58|4464|4464|4464|4465|
27|95|93|58|4464|4464|4464|4465|
28|94|93|57|4371|4371|4371|4371|
29|94|93|57|4371|4371|4371|4371|
30|94|93|57|4371|4371|4371|4371|
31|94|93|57|4371|4371|4371|4371|
32|94|93|57|4371|4371|4371|4371|
33|94|93|57|4371|4371|4371|4371|
34|94|93|57|4371|4371|4371|4371|
35|94|93|57|4371|4371|4371|4371|
36|94|93|57|4371|4371|4371|4371|
37|94|93|57|4371|4371|4371|4371|
38|94|93|57|4371|4371|4371|4371|
39|94|93|57|4371|4371|4371|4371|
