time|pop|pol|cri|sit|of_c|of_n|of_p|br_ac|inter
0|100|19|55|1710|842|309|4950|
1|110|51|61|4284|2404|987|5995|
2|121|76|67|6270|3783|2079|7260|
3|133|96|76|8112|6412|5054|8778|
4|146|113|92|10057|9189|8181|10585|
5|160|123|103|12054|11664|11305|12720|
6|163|119|99|12257|12138|12138|13203|
7|169|119|104|12971|12971|12971|14196|
8|173|119|106|13447|13447|13447|14878|
9|158|119|103|11662|11662|11662|12403|
10|146|119|98|10234|10234|10234|10585|
11|138|119|96|9282|9282|9282|9453|
12|132|119|94|8568|8568|8568|8646|
13|128|119|90|8092|8092|8092|8128|
14|125|119|88|7735|7735|7735|7750|
15|124|119|86|7616|7616|7616|7626|
16|123|119|85|7497|7497|7497|7503|
17|123|119|85|7497|7497|7497|7503|
18|123|119|85|7497|7497|7497|7503|
19|123|119|85|7497|7497|7497|7503|
20|122|119|84|7378|7378|7378|7381|
21|122|119|84|7378|7378|7378|7381|
22|122|119|84|7378|7378|7378|7381|
23|122|119|84|7378|7378|7378|7381|
24|122|119|84|7378|7378|7378|7381|
25|122|119|84|7378|7378|7378|7381|
26|121|119|84|7259|7259|7259|7260|
27|121|119|84|7259|7259|7259|7260|
28|121|119|84|7259|7259|7259|7260|
29|121|119|84|7259|7259|7259|7260|
30|121|119|84|7259|7259|7259|7260|
31|121|119|84|7259|7259|7259|7260|
32|120|119|84|7140|7140|7140|7140|
33|120|119|84|7140|7140|7140|7140|
34|120|119|84|7140|7140|7140|7140|
35|120|119|84|7140|7140|7140|7140|
36|120|119|84|7140|7140|7140|7140|
37|120|119|84|7140|7140|7140|7140|
38|120|119|84|7140|7140|7140|7140|
39|120|119|84|7140|7140|7140|7140|
