time|pop|pol|cri|sit|of_c|of_n|of_p|br_ac|inter
0|100|18|53|1629|1010|441|4950|
1|110|46|50|3979|2474|1070|5995|
2|121|68|46|5882|3501|1648|7260|
3|133|85|43|7650|5625|4026|8778|
4|111|78|32|5577|4597|3599|6105|
5|89|61|31|3538|3538|3538|3916|
6|82|61|29|3111|3111|3111|3321|
7|75|61|28|2684|2684|2684|2775|
8|72|61|28|2501|2501|2501|2556|
9|69|61|27|2318|2318|2318|2346|
10|67|61|27|2196|2196|2196|2211|
11|65|61|26|2074|2074|2074|2080|
12|65|61|26|2074|2074|2074|2080|
13|64|61|26|2013|2013|2013|2016|
14|63|61|26|1952|1952|1952|1953|
15|63|61|26|1952|1952|1952|1953|
16|63|61|26|1952|1952|1952|1953|
17|63|61|26|1952|1952|1952|1953|
18|63|61|26|1952|1952|1952|1953|
19|63|61|26|1952|1952|1952|1953|
20|63|61|26|1952|1952|1952|1953|
21|63|61|26|1952|1952|1952|1953|
22|63|61|26|1952|1952|1952|1953|
23|63|61|26|1952|1952|1952|1953|
24|63|61|26|1952|1952|1952|1953|
25|63|61|26|1952|1952|1952|1953|
26|63|61|26|1952|1952|1952|1953|
27|63|61|26|1952|1952|1952|1953|
28|63|61|26|1952|1952|1952|1953|
29|63|61|26|1952|1952|1952|1953|
30|63|61|26|1952|1952|1952|1953|
31|63|61|26|1952|1952|1952|1953|
32|63|61|26|1952|1952|1952|1953|
33|63|61|26|1952|1952|1952|1953|
34|63|61|26|1952|1952|1952|1953|
35|63|61|26|1952|1952|1952|1953|
36|63|61|26|1952|1952|1952|1953|
37|63|61|26|1952|1952|1952|1953|
38|63|61|26|1952|1952|1952|1953|
39|63|61|26|1952|1952|1952|1953|
