time|pop|pol|cri|sit|of_c|of_n|of_p|br_ac|inter
0|100|20|43|1790|979|390|4950|
1|110|52|49|4342|2612|1050|5995|
2|121|70|43|5985|4379|2500|7260|
3|133|84|41|7602|6547|5226|8778|
4|146|108|38|9882|9242|8379|10585|
5|147|104|41|9828|9397|8869|10731|
6|150|103|40|10094|9841|9359|11175|
7|152|103|38|10300|10054|9555|11476|
8|144|99|37|9306|9258|9163|10296|
9|139|98|32|8771|8771|8771|9591|
10|130|98|30|7889|7889|7889|8385|
11|124|98|29|7301|7301|7301|7626|
12|122|98|30|7105|7105|7105|7381|
13|119|98|28|6811|6811|6811|7021|
14|117|98|28|6615|6615|6615|6786|
15|117|98|28|6615|6615|6615|6786|
16|113|98|26|6223|6223|6223|6328|
17|110|98|25|5929|5929|5929|5995|
18|107|98|25|5635|5635|5635|5671|
19|105|98|25|5439|5439|5439|5460|
20|104|98|24|5341|5341|5341|5356|
21|103|98|24|5243|5243|5243|5253|
22|103|98|24|5243|5243|5243|5253|
23|103|98|24|5243|5243|5243|5253|
24|104|98|24|5341|5341|5341|5356|
25|102|98|24|5145|5145|5145|5151|
26|102|98|24|5145|5145|5145|5151|
27|102|98|24|5145|5145|5145|5151|
28|102|98|24|5145|5145|5145|5151|
29|102|98|24|5145|5145|5145|5151|
30|102|98|24|5145|5145|5145|5151|
31|102|98|24|5145|5145|5145|5151|
32|102|98|24|5145|5145|5145|5151|
33|101|98|24|5047|5047|5047|5050|
34|100|98|24|4949|4949|4949|4950|
35|100|98|24|4949|4949|4949|4950|
36|100|98|24|4949|4949|4949|4950|
37|100|98|24|4949|4949|4949|4950|
38|100|98|24|4949|4949|4949|4950|
39|100|98|24|4949|4949|4949|4950|
