time|pop|pol|cri|sit|of_c|of_n|of_p|br_ac|inter
0|100|23|43|2024|991|594|4950|
1|110|60|38|4770|3115|2236|5995|
2|121|83|36|6557|4661|3976|7260|
3|133|105|47|8400|6975|6517|8778|
4|146|121|59|10285|9603|9222|10585|
5|160|130|69|12285|11561|11481|12720|
6|176|140|73|14770|14070|14070|15400|
7|172|140|72|14210|14210|14210|14706|
8|173|140|70|14350|14350|14350|14878|
9|177|140|64|14910|14910|14910|15576|
10|181|140|64|15470|15470|15470|16290|
11|184|140|68|15890|15890|15890|16836|
12|190|140|70|16730|16730|16730|17955|
13|189|140|71|16590|16590|16590|17766|
14|190|140|67|16730|16730|16730|17955|
15|186|140|69|16170|16170|16170|17205|
16|189|140|72|16590|16590|16590|17766|
17|190|140|71|16730|16730|16730|17955|
18|188|140|67|16450|16450|16450|17578|
19|191|140|63|16870|16870|16870|18145|
20|192|140|62|17010|17010|17010|18336|
21|190|140|62|16730|16730|16730|17955|
22|189|140|61|16590|16590|16590|17766|
23|191|140|61|16870|16870|16870|18145|
24|186|140|60|16170|16170|16170|17205|
25|181|140|59|15470|15470|15470|16290|
26|173|140|59|14350|14350|14350|14878|
27|173|140|59|14350|14350|14350|14878|
28|171|140|59|14070|14070|14070|14535|
29|169|140|59|13790|13790|13790|14196|
30|166|140|59|13370|13370|13370|13695|
31|161|140|59|12670|12670|12670|12880|
32|156|140|59|11970|11970|11970|12090|
33|157|140|59|12110|12110|12110|12246|
34|159|140|59|12390|12390|12390|12561|
35|159|140|59|12390|12390|12390|12561|
36|155|140|59|11830|11830|11830|11935|
37|153|140|59|11550|11550|11550|11628|
38|153|140|59|11550|11550|11550|11628|
39|154|140|59|11690|11690|11690|11781|
